#Protocol Work (kJ/mol)   electrostatic_part (kJ/mol)	vdw_part (kJ/mol)
0 -41.0393 -66.5958 25.5565
1 -56.4732 -70.6202 14.1471
2 -41.4864 -60.9147 19.4283
3 -46.9036 -65.0148 18.1112
4 -45.0318 -65.2371 20.2053
5 -55.3933 -73.3355 17.9422
6 -46.3728 -64.4591 18.0863
7 -54.9636 -67.8578 12.8943
8 -47.8392 -66.3902 18.551
9 -43.2625 -67.0138 23.7512
10 -40.7554 -63.3272 22.5718
11 -43.6225 -66.6665 23.0439
12 -48.149 -69.3625 21.2135
13 -42.0296 -64.0235 21.9939
14 -48.6131 -70.248 21.6349
15 -46.1362 -68.7191 22.5829
16 -55.055 -72.2486 17.1936
17 -55.4009 -68.7857 13.3847
18 -49.6156 -68.6426 19.027
19 -53.3508 -72.5577 19.2069
20 -46.9816 -68.5401 21.5586
21 -49.621 -67.6639 18.0428
22 -50.7243 -68.3414 17.6171
23 -44.7529 -65.5784 20.8255
24 -48.9381 -71.1804 22.2423
25 -49.5016 -70.4864 20.9849
26 -37.7794 -63.0517 25.2722
27 -51.2491 -70.3559 19.1068
28 -42.3387 -64.4619 22.1232
29 -41.1539 -63.284 22.1301
30 -55.8148 -69.6583 13.8436
31 -45.4843 -64.7564 19.2721
32 -44.7151 -65.0382 20.3231
33 -41.6449 -66.9242 25.2792
34 -55.0522 -70.2699 15.2177
35 -46.8636 -70.0989 23.2354
36 -46.5208 -62.3267 15.806
37 -51.4594 -70.8178 19.3583
38 -46.8238 -66.9405 20.1167
39 -52.1917 -68.2809 16.0892
40 -52.2059 -68.9357 16.7298
41 -55.4829 -69.9096 14.4266
42 -40.2996 -61.9467 21.6471
43 -58.2145 -72.9257 14.7112
44 -50.459 -70.0482 19.5892
45 -54.7503 -71.5976 16.8473
46 -60.2985 -72.6224 12.3239
47 -52.4189 -68.8098 16.3909
48 -51.4435 -71.4871 20.0436
49 -51.6501 -66.6106 14.9605
50 -47.1264 -66.9806 19.8543
51 -59.508 -72.8485 13.3404
52 -44.4546 -66.1936 21.739
53 -49.7892 -69.608 19.8188
54 -45.742 -66.8588 21.1168
55 -43.8751 -64.0854 20.2102
56 -53.776 -69.2697 15.4937
57 -53.5234 -70.3149 16.7915
58 -47.4532 -70.6191 23.1659
59 -53.7818 -70.1208 16.339
60 -49.1298 -70.0042 20.8744
61 -40.7535 -67.2534 26.5
62 -51.2346 -70.6587 19.424
63 -50.032 -69.4397 19.4078
64 -43.7717 -63.2804 19.5087
65 -48.3016 -68.4522 20.1506
66 -51.8399 -68.2014 16.3615
67 -49.0571 -67.1834 18.1263
68 -49.4362 -66.6206 17.1844
69 -43.725 -69.0073 25.2824
70 -52.9896 -72.7727 19.7831
71 -56.0591 -75.9367 19.8776
72 -45.8437 -65.5882 19.7446
73 -53.6417 -67.1569 13.5152
74 -42.3889 -64.8807 22.4917
75 -49.2874 -69.0927 19.8053
76 -49.8879 -70.313 20.4251
77 -48.4196 -64.0565 15.6369
78 -49.8656 -67.049 17.1834
79 -50.1321 -67.8936 17.7615
80 -51.2323 -72.7592 21.5268
81 -52.377 -71.4374 19.0604
82 -50.2708 -70.5963 20.3255
83 -44.8968 -70.3929 25.4961
84 -44.0659 -66.7754 22.7095
85 -51.5461 -69.8194 18.2733
86 -55.1817 -72.1644 16.9827
87 -44.8202 -68.0406 23.2204
88 -44.8565 -68.412 23.5554
89 -57.3408 -69.1023 11.7615
90 -46.4909 -68.3241 21.8332
91 -45.2303 -66.3874 21.1571
92 -52.3201 -70.6776 18.3575
93 -44.2058 -70.4014 26.1956
94 -43.7865 -64.644 20.8575
95 -48.276 -68.0749 19.7988
96 -49.9076 -68.3778 18.4701
97 -54.0385 -67.7165 13.678
98 -55.1704 -69.351 14.1806
99 -51.09 -67.7515 16.6616
100 -53.956 -71.925 17.9689
101 -44.345 -69.3455 25.0005
102 -43.6213 -65.2692 21.6479
103 -47.391 -64.2282 16.8373
104 -51.6652 -70.1483 18.4831
105 -47.1644 -68.9138 21.7495
106 -50.1443 -72.6984 22.5541
107 -47.5248 -69.2457 21.7209
108 -45.6308 -63.9651 18.3343
109 -51.3783 -72.581 21.2027
110 -54.8869 -72.6468 17.7598
111 -47.6863 -65.9642 18.2779
112 -44.3149 -70.5637 26.2488
113 -49.8075 -64.3385 14.5311
114 -52.5337 -72.9829 20.4492
115 -53.1119 -69.8117 16.6998
116 -51.7352 -67.993 16.2578
117 -48.2409 -66.0326 17.7918
118 -42.8924 -63.8943 21.0019
119 -47.1195 -66.6033 19.4838
120 -50.6947 -68.2123 17.5176
121 -58.4435 -75.2804 16.8369
122 -52.5989 -67.6878 15.0889
123 -41.9724 -67.8958 25.9234
124 -55.1892 -72.4943 17.3051
125 -51.241 -67.741 16.5
126 -46.9102 -68.0199 21.1096
127 -50.9641 -68.819 17.8549
128 -40.5134 -61.8279 21.3146
129 -45.116 -67.7796 22.6636
130 -46.1992 -67.6257 21.4265
131 -42.9699 -67.1053 24.1354
132 -55.3609 -72.4164 17.0556
133 -50.3779 -69.9174 19.5395
134 -42.388 -67.4537 25.0658
135 -46.5226 -66.6908 20.1682
136 -53.3483 -65.3651 12.0168
137 -46.4175 -68.4907 22.0732
138 -49.6448 -69.6496 20.0047
139 -55.1118 -70.1528 15.041
140 -57.9956 -72.6369 14.6413
141 -54.5614 -73.2305 18.6691
142 -49.1233 -67.8062 18.6829
143 -58.2055 -74.2216 16.0161
144 -42.4963 -69.6258 27.1295
145 -38.3614 -66.3604 27.999
146 -47.3962 -72.5237 25.1275
147 -47.7365 -64.4695 16.7331
148 -52.3028 -71.4351 19.1323
149 -45.8084 -67.0966 21.2882
150 -41.2652 -67.0543 25.7891
151 -46.0835 -68.872 22.7885
152 -56.4112 -70.4298 14.0186
153 -54.7016 -72.712 18.0104
154 -43.7442 -63.5663 19.8221
155 -46.4598 -67.4889 21.0291
156 -44.7841 -62.1621 17.3779
157 -51.1029 -70.8659 19.7629
158 -45.4495 -63.5096 18.0601
159 -48.1445 -67.3213 19.1768
160 -52.4224 -68.8085 16.3861
161 -52.6119 -67.1274 14.5155
162 -47.8785 -69.9563 22.0778
163 -46.8475 -63.9134 17.0659
164 -53.8681 -69.1077 15.2396
165 -56.5328 -69.1185 12.5857
166 -55.9683 -71.156 15.1877
167 -57.3316 -70.2988 12.9672
168 -52.6284 -68.914 16.2856
169 -50.801 -70.7455 19.9445
170 -51.5991 -71.0386 19.4395
171 -53.1239 -69.6036 16.4798
172 -46.9918 -67.5832 20.5914
173 -44.2535 -63.9446 19.6911
174 -40.0688 -67.2912 27.2224
175 -47.7001 -68.5452 20.8451
176 -42.8603 -64.6412 21.781
177 -57.7208 -72.2147 14.4939
178 -47.9135 -65.3804 17.4669
179 -46.9081 -68.1695 21.2614
180 -44.9282 -66.5557 21.6275
181 -49.1948 -72.4845 23.2897
182 -46.4365 -68.8339 22.3973
183 -56.598 -69.0336 12.4356
184 -42.0183 -66.0405 24.0223
185 -45.9331 -66.9393 21.0061
186 -54.7284 -73.4711 18.7427
187 -47.9444 -67.4688 19.5244
188 -44.4698 -64.0095 19.5397
189 -41.6664 -62.2525 20.5861
190 -46.8808 -66.0755 19.1947
191 -51.4095 -70.8056 19.3961
192 -54.5907 -66.9868 12.3961
193 -52.1851 -69.9562 17.7712
194 -53.0555 -68.2643 15.2088
195 -51.3917 -71.9276 20.5359
196 -46.1442 -67.1656 21.0214
197 -50.5365 -69.8066 19.27
198 -61.0614 -75.3193 14.2579
199 -45.7027 -66.3934 20.6907
200 -51.1963 -68.9908 17.7945
201 -49.1096 -67.3277 18.2181
202 -46.0091 -71.9962 25.9871
203 -46.8357 -68.0977 21.2621
204 -53.4229 -66.1292 12.7063
205 -43.3687 -64.2592 20.8905
206 -46.4175 -68.4907 22.0732
207 -49.6448 -69.6496 20.0047
208 -55.1118 -70.1528 15.041
209 -57.9956 -72.6369 14.6413
210 -54.5614 -73.2305 18.6691
211 -49.1233 -67.8062 18.6829
212 -58.2055 -74.2216 16.0161
213 -42.4963 -69.6258 27.1295
214 -38.3614 -66.3604 27.999
215 -47.3962 -72.5237 25.1275
216 -47.7365 -64.4695 16.7331
217 -52.3028 -71.4351 19.1323
218 -45.8084 -67.0966 21.2882
219 -41.2652 -67.0543 25.7891
220 -46.0835 -68.872 22.7885
221 -56.4112 -70.4298 14.0186
222 -54.7016 -72.712 18.0104
223 -43.7442 -63.5663 19.8221
224 -46.4598 -67.4889 21.0291
225 -44.7841 -62.1621 17.3779
226 -51.1029 -70.8659 19.7629
227 -45.4495 -63.5096 18.0601
228 -48.1445 -67.3213 19.1768
229 -52.4224 -68.8085 16.3861
230 -52.6119 -67.1274 14.5155
231 -47.8785 -69.9563 22.0778
232 -46.8475 -63.9134 17.0659
233 -53.8681 -69.1077 15.2396
234 -56.5328 -69.1185 12.5857
235 -55.9683 -71.156 15.1877
236 -57.3316 -70.2988 12.9672
237 -52.6284 -68.914 16.2856
238 -50.801 -70.7455 19.9445
239 -51.5991 -71.0386 19.4395
240 -53.1239 -69.6036 16.4798
241 -46.9918 -67.5832 20.5914
242 -44.2535 -63.9446 19.6911
243 -40.0688 -67.2912 27.2224
244 -47.7001 -68.5452 20.8451
245 -42.8603 -64.6412 21.781
246 -57.7208 -72.2147 14.4939
247 -47.9135 -65.3804 17.4669
248 -46.9081 -68.1695 21.2614
249 -44.9282 -66.5557 21.6275
250 -49.1948 -72.4845 23.2897
251 -46.4365 -68.8339 22.3973
252 -56.598 -69.0336 12.4356
253 -42.0183 -66.0405 24.0223
254 -45.9331 -66.9393 21.0061
255 -54.7284 -73.4711 18.7427
256 -47.9444 -67.4688 19.5244
257 -44.4698 -64.0095 19.5397
258 -41.6664 -62.2525 20.5861
259 -46.8808 -66.0755 19.1947
260 -51.4095 -70.8056 19.3961
261 -54.5907 -66.9868 12.3961
262 -52.1851 -69.9562 17.7712
263 -53.0555 -68.2643 15.2088
264 -51.3917 -71.9276 20.5359
265 -46.1442 -67.1656 21.0214
266 -50.5365 -69.8066 19.27
267 -61.0614 -75.3193 14.2579
268 -45.7027 -66.3934 20.6907
269 -51.1963 -68.9908 17.7945
270 -49.1096 -67.3277 18.2181
271 -46.0091 -71.9962 25.9871
272 -46.8357 -68.0977 21.2621
273 -53.4229 -66.1292 12.7063
274 -43.3687 -64.2592 20.8905
275 -55.5925 -72.3958 16.8032
276 -47.0621 -69.3223 22.2603
277 -50.9794 -67.6171 16.6376
278 -54.8723 -73.1209 18.2487
279 -52.9342 -67.898 14.9638
280 -54.3785 -67.9839 13.6053
281 -52.8953 -69.1537 16.2584
282 -52.487 -68.0622 15.5752
283 -50.191 -65.551 15.3599
284 -49.9536 -68.5357 18.582
285 -46.5783 -65.8636 19.2853
286 -50.3392 -65.4463 15.1071
287 -49.15 -71.1355 21.9855
288 -48.4406 -69.2369 20.7963
289 -51.2409 -67.7061 16.4652
290 -41.7893 -64.1326 22.3433
291 -45.5508 -70.3726 24.8219
292 -43.1096 -67.0844 23.9749
293 -39.9749 -66.6359 26.661
294 -50.6742 -65.7067 15.0325
295 -49.8317 -69.5905 19.7589
296 -51.8437 -68.7817 16.938
297 -43.9446 -64.7344 20.7897
298 -53.1633 -66.6691 13.5058
299 -52.5477 -74.7297 22.182
300 -47.7722 -67.8126 20.0403
301 -49.3318 -70.5632 21.2315
302 -42.8618 -64.6955 21.8336
303 -50.2115 -66.2491 16.0376
304 -53.7441 -72.4791 18.735
305 -54.0612 -71.0916 17.0305
306 -54.4731 -73.28 18.8069
307 -41.5722 -65.8916 24.3194
308 -51.2674 -69.6588 18.3914
309 -54.6254 -71.6015 16.9761
310 -47.7976 -65.4312 17.6336
311 -50.1691 -69.7918 19.6226
312 -48.4826 -69.6173 21.1347
313 -53.6729 -69.7733 16.1004
314 -45.4277 -64.3384 18.9106
315 -51.9653 -69.9323 17.967
316 -46.9347 -66.7088 19.7741
317 -54.3104 -74.1729 19.8626
318 -57.3387 -73.0825 15.7438
319 -42.7564 -68.0778 25.3214
320 -46.1364 -65.7257 19.5893
321 -42.9551 -63.5601 20.6049
322 -51.6458 -63.3374 11.6916
323 -39.5862 -65.2966 25.7104
324 -50.2568 -71.6008 21.344
325 -44.0681 -63.4436 19.3755
326 -49.7272 -66.6995 16.9723
327 -42.0914 -64.5028 22.4114
328 -52.7259 -70.0266 17.3008
329 -43.5 -67.0314 23.5314
330 -51.8379 -72.7294 20.8915
331 -44.5332 -71.3805 26.8473
332 -47.3559 -72.2118 24.8558
333 -48.9523 -68.8475 19.8952
334 -56.9397 -70.5679 13.6282
335 -39.7162 -63.6904 23.9742
336 -44.9568 -65.2677 20.311
337 -49.3362 -71.0704 21.7342
338 -41.9889 -65.929 23.9401
339 -44.5014 -65.1384 20.637
340 -49.7553 -67.2906 17.5354
341 -49.1531 -68.4849 19.3318
342 -54.7379 -67.9714 13.2334
343 -45.9304 -67.7405 21.8101
344 -58.8034 -70.7169 11.9135
345 -50.8223 -75.6253 24.8029
346 -45.9902 -66.4497 20.4595
347 -48.9199 -65.9432 17.0233
348 -44.9889 -66.0724 21.0835
349 -46.6462 -73.9984 27.3522
350 -53.8533 -67.3023 13.449
351 -52.4008 -67.4413 15.0405
352 -50.412 -69.8816 19.4696
353 -47.6896 -66.4419 18.7523
354 -49.2813 -66.2383 16.957
355 -46.4327 -69.67 23.2373
356 -38.5043 -61.5133 23.0091
357 -52.657 -70.121 17.464
358 -46.4981 -70.5369 24.0388
359 -45.4102 -63.3387 17.9285
360 -46.6071 -67.5211 20.9141
361 -51.8418 -65.6341 13.7923
362 -53.1347 -69.128 15.9933
363 -40.9641 -64.6049 23.6407
364 -48.561 -68.6607 20.0997
365 -45.9027 -67.7664 21.8637
366 -57.1221 -71.5326 14.4105
367 -55.5534 -71.0355 15.4822
368 -51.171 -66.9514 15.7804
369 -49.1063 -69.505 20.3987
370 -46.4002 -70.3571 23.9569
371 -46.3614 -64.1662 17.8048
372 -47.1655 -69.946 22.7804
373 -47.3598 -68.4899 21.1301
374 -48.77 -69.9461 21.1762
375 -48.9309 -66.249 17.3181
376 -48.0967 -65.6235 17.5269
377 -48.9368 -68.1674 19.2306
378 -53.9297 -70.5448 16.6151
379 -51.7031 -67.7274 16.0243
380 -48.6561 -69.1619 20.5059
381 -45.1891 -65.8776 20.6884
382 -48.428 -63.9064 15.4784
383 -48.594 -68.227 19.633
384 -48.0043 -68.8025 20.7982
385 -44.5269 -72.2432 27.7163
386 -41.5625 -66.6752 25.1126
387 -49.3182 -66.987 17.6688
388 -50.7595 -69.7458 18.9863
389 -52.5633 -67.625 15.0617
390 -56.5909 -70.5671 13.9762
391 -50.783 -69.2526 18.4696
392 -45.3551 -66.4436 21.0884
393 -56.7283 -72.1313 15.4031
394 -44.3832 -67.0311 22.6478
395 -45.0736 -65.06 19.9864
396 -47.0646 -65.0955 18.0308
397 -51.2977 -69.4624 18.1647
398 -49.387 -69.2991 19.9121
399 -50.2982 -68.9062 18.608
400 -57.2074 -72.4301 15.2227
401 -45.7409 -69.0467 23.3059
402 -46.8302 -66.5195 19.6892
403 -54.6681 -71.1818 16.5136
404 -46.7765 -71.896 25.1196
405 -46.4208 -67.3025 20.8817
406 -45.1159 -66.0865 20.9707
407 -45.6358 -68.3357 22.6999
408 -45.602 -66.8823 21.2803
409 -46.0684 -60.1938 14.1255
410 -49.5974 -68.8489 19.2515
411 -37.6375 -63.4841 25.8466
412 -48.4094 -69.9647 21.5553
413 -47.1342 -68.4932 21.359
414 -42.8131 -63.2405 20.4274
415 -42.6275 -63.2898 20.6623
416 -49.3188 -68.867 19.5482
417 -51.3905 -67.4776 16.0871
418 -46.5086 -63.3992 16.8906
419 -55.0218 -69.5274 14.5056
420 -48.8271 -69.337 20.51
421 -50.8938 -74.0098 23.116
422 -49.0105 -69.8217 20.8112
423 -48.4819 -63.025 14.5432
424 -54.3179 -68.025 13.7071
425 -43.1539 -65.9764 22.8225
426 -45.75 -67.3339 21.5839
427 -49.7496 -68.6552 18.9056
428 -58.7365 -71.2234 12.487
429 -51.506 -67.1902 15.6842
430 -48.789 -66.0488 17.2598
431 -50.7882 -75.1188 24.3307
432 -47.4522 -69.4697 22.0175
433 -47.7824 -69.0618 21.2794
434 -50.7607 -68.0132 17.2525
435 -46.1652 -64.1359 17.9707
436 -41.427 -65.8551 24.4281
437 -42.8477 -69.5164 26.6687
438 -45.144 -65.0999 19.956
439 -44.5119 -67.2225 22.7105
440 -50.9347 -66.6793 15.7446
441 -49.1354 -68.4481 19.3127
442 -40.6168 -64.641 24.0242
443 -42.1994 -65.68 23.4806
444 -53.7828 -70.1448 16.362
445 -48.3454 -66.0433 17.6979
446 -48.6946 -71.2912 22.5966
447 -47.0708 -64.3371 17.2663
448 -52.7914 -68.7265 15.9351
449 -49.8994 -68.9414 19.042
450 -41.2277 -63.0426 21.8149
451 -54.7708 -72.2669 17.4961
452 -51.6152 -73.4068 21.7916
453 -44.3788 -61.8682 17.4894
454 -47.571 -67.5743 20.0032
455 -55.8035 -69.8842 14.0807
456 -45.8515 -64.2673 18.4158
457 -49.032 -70.1203 21.0884
458 -50.2623 -69.1408 18.8784
459 -48.3902 -68.2468 19.8566
460 -54.8402 -70.6992 15.859
461 -50.431 -68.441 18.0099
462 -55.6076 -68.7802 13.1726
463 -41.7631 -64.1859 22.4228
464 -49.4637 -69.9895 20.5258
465 -50.7247 -69.7544 19.0297
466 -59.6314 -70.744 11.1126
467 -50.1557 -70.1173 19.9616
468 -50.8592 -67.469 16.6098
469 -56.0331 -69.4281 13.3951
470 -51.6157 -73.4518 21.8361
471 -50.6933 -68.606 17.9126
472 -45.7354 -67.0515 21.3161
473 -43.9159 -64.3882 20.4723
474 -40.1234 -59.9502 19.8268
475 -54.6908 -70.8202 16.1293
476 -50.9178 -69.5773 18.6595
477 -46.4756 -70.433 23.9573
478 -51.3076 -69.8682 18.5606
479 -49.1955 -66.0784 16.8829
480 -40.2599 -70.9277 30.6678
481 -42.8715 -67.6346 24.7631
482 -39.5053 -62.1767 22.6713
483 -49.623 -68.9473 19.3243
484 -48.7619 -67.0278 18.2659
485 -55.3033 -72.1539 16.8506
486 -48.6339 -68.143 19.5091
487 -48.2486 -70.3654 22.1168
488 -45.9815 -66.2209 20.2394
489 -51.3051 -66.2871 14.9819
490 -45.2839 -65.139 19.855
491 -46.6354 -66.6732 20.0378
492 -49.6772 -73.5207 23.8434
493 -50.6203 -69.0512 18.4309
494 -56.0631 -72.018 15.955
495 -46.285 -66.3904 20.1054
496 -47.8256 -70.9697 23.1441
497 -44.3177 -65.0872 20.7694
498 -56.021 -68.9188 12.8978
499 -48.9262 -65.2775 16.3513
500 -53.2249 -71.3704 18.1455
501 -48.8823 -69.8003 20.9181
502 -48.7436 -67.4749 18.7313
503 -43.453 -61.9905 18.5375
504 -49.0605 -70.9688 21.9084
505 -54.7733 -72.8875 18.1142
506 -45.3276 -64.8385 19.511
507 -49.0027 -67.1751 18.1724
508 -48.3708 -68.6801 20.3093
509 -49.47 -72.1607 22.6907
510 -51.109 -74.1449 23.0358
511 -50.9014 -69.5367 18.6354
512 -53.9177 -69.794 15.8763
513 -45.573 -66.1366 20.5635
514 -49.723 -69.4291 19.7061
515 -52.6118 -64.6967 12.0849
516 -56.6734 -72.9396 16.2663
517 -51.4791 -69.3048 17.8257
518 -40.9452 -62.9622 22.0171
519 -51.7494 -70.0387 18.2893
520 -51.7199 -68.558 16.8382
521 -47.3603 -63.3155 15.9553
522 -50.6747 -64.8623 14.1876
523 -52.1115 -72.0138 19.9023
524 -51.4665 -69.2207 17.7541
525 -52.9079 -67.3254 14.4175
526 -56.3955 -70.3526 13.9571
527 -43.0437 -68.319 25.2753
528 -52.4971 -74.5726 22.0755
529 -53.203 -67.4934 14.2903
530 -48.7289 -70.7643 22.0354
531 -48.6107 -67.7984 19.1877
532 -51.1489 -71.9305 20.7816
533 -54.9818 -72.2188 17.2369
534 -46.4211 -64.8971 18.476
535 -48.466 -65.6635 17.1975
536 -45.8995 -67.051 21.1515
537 -44.1199 -66.6564 22.5365
538 -41.7357 -65.7096 23.974
539 -53.1692 -74.1418 20.9727
540 -48.3212 -70.8687 22.5475
541 -56.0051 -69.3729 13.3678
542 -41.6747 -63.8832 22.2085
543 -41.4582 -64.9368 23.4785
544 -47.4705 -73.3494 25.8789
545 -51.3793 -70.0523 18.673
546 -38.5842 -65.4854 26.9012
547 -53.0156 -70.581 17.5653
548 -49.385 -67.4415 18.0566
549 -53.2244 -71.2786 18.0542
550 -51.3586 -73.7432 22.3847
551 -52.8356 -72.4811 19.6455
552 -49.2872 -67.158 17.8707
553 -52.1936 -69.6291 17.4355
554 -56.6597 -73.0421 16.3823
555 -62.8235 -77.792 14.9685
556 -49.9853 -66.1509 16.1656
557 -55.9765 -64.2793 8.30277
558 -55.7502 -71.3214 15.5713
559 -46.4053 -71.6814 25.2761
560 -44.8627 -66.1979 21.3352
561 -45.6444 -67.2039 21.5595
562 -53.7558 -68.7089 14.9531
563 -50.6463 -68.8984 18.2521
564 -50.5929 -69.8587 19.2658
565 -51.9129 -71.1107 19.1978
566 -52.4678 -71.4019 18.9342
567 -51.97 -66.3563 14.3862
568 -47.7874 -66.7893 19.0019
569 -50.7903 -68.5758 17.7855
570 -47.6833 -68.066 20.3826
571 -47.6819 -69.4923 21.8104
572 -50.8505 -70.9017 20.0511
573 -45.9768 -64.6126 18.6357
574 -56.9456 -69.0557 12.11
575 -53.5425 -69.3439 15.8014
576 -48.7161 -70.1907 21.4746
577 -49.9769 -72.7904 22.8135
578 -45.4476 -65.3578 19.9102
579 -49.6863 -67.3527 17.6663
580 -50.2793 -68.3742 18.0949
581 -45.9719 -66.9651 20.9932
582 -55.6519 -69.758 14.1061
583 -48.1253 -66.7239 18.5986
584 -41.2956 -67.8286 26.533
585 -50.0902 -66.5226 16.4324
586 -44.995 -70.3123 25.3173
587 -42.8254 -63.5206 20.6952
588 -47.3133 -67.1289 19.8156
589 -45.6319 -69.8888 24.2569
590 -49.4538 -73.7852 24.3314
591 -42.2714 -65.4442 23.1728
592 -44.2258 -68.0496 23.8237
593 -43.8258 -69.2754 25.4497
594 -48.852 -64.8731 16.0211
595 -44.2355 -65.71 21.4745
596 -41.4768 -62.685 21.2083
597 -47.449 -65.8275 18.3785
598 -50.6727 -68.4521 17.7794
599 -45.9628 -68.9975 23.0347
600 -53.1747 -72.0532 18.8785
601 -43.1522 -65.8618 22.7097
602 -54.7601 -72.6342 17.8742
603 -45.6458 -66.737 21.0912
604 -49.5631 -66.1244 16.5614
605 -46.6154 -66.8385 20.2231
606 -49.5041 -71.5929 22.0888
607 -48.3354 -70.6712 22.3358
608 -49.9227 -67.1427 17.22
609 -49.0236 -68.7033 19.6798
610 -52.7456 -68.4219 15.6763
611 -41.4308 -67.4718 26.041
612 -51.5602 -70.9106 19.3504
613 -56.6833 -73.6475 16.9642
614 -43.1091 -64.3008 21.1917
615 -48.524 -69.9734 21.4494
616 -48.9765 -70.7075 21.731
617 -46.9043 -70.5719 23.6676
618 -33.8824 -63.8456 29.9632
619 -44.274 -66.3012 22.0272
620 -48.1328 -66.5197 18.3869
621 -47.0273 -67.8977 20.8704
622 -52.9997 -70.8346 17.8349
623 -43.2783 -66.4788 23.2005
624 -45.564 -63.7284 18.1644
625 -46.231 -68.2255 21.9945
626 -47.2167 -68.7497 21.5331
627 -49.9862 -68.6974 18.7112
628 -52.8759 -70.0186 17.1428
629 -44.8476 -68.0717 23.2242
630 -41.1665 -65.0846 23.9181
631 -43.3252 -67.642 24.3168
632 -47.6064 -70.2498 22.6434
633 -48.025 -68.0353 20.0103
634 -45.5079 -68.6939 23.186
635 -52.4326 -66.6295 14.197
636 -52.1508 -71.7573 19.6065
637 -46.3199 -69.1749 22.855
638 -46.4412 -67.2493 20.8081
639 -46.5993 -63.62 17.0207
640 -49.6985 -70.8807 21.1822
641 -49.9396 -71.8461 21.9064
642 -53.4566 -71.7744 18.3178
643 -49.8193 -67.0239 17.2046
644 -44.2129 -66.4947 22.2818
645 -45.4019 -66.8378 21.4359
646 -50.3023 -69.5157 19.2134
647 -52.5004 -66.5811 14.0807
648 -42.487 -63.2555 20.7684
649 -52.5633 -74.4427 21.8794
650 -48.3043 -66.4125 18.1082
651 -49.2163 -68.9643 19.748
652 -54.0563 -72.682 18.6257
653 -51.9119 -68.2889 16.3771
654 -56.529 -69.3947 12.8658
655 -56.5905 -70.8015 14.2111
656 -46.7896 -66.8963 20.1066
657 -49.5285 -68.1575 18.6289
658 -54.6316 -66.2044 11.5727
659 -44.3618 -67.3727 23.011
660 -51.7878 -73.4177 21.6299
661 -49.1447 -65.9141 16.7694
662 -51.3736 -68.5958 17.2221
663 -49.7538 -67.8723 18.1185
664 -51.6863 -73.6655 21.9792
665 -40.8097 -57.8445 17.0348
666 -52.6496 -70.0207 17.3711
667 -48.7474 -70.0764 21.329
668 -52.0234 -68.9599 16.9365
669 -51.5755 -67.8136 16.2381
670 -41.5535 -61.8003 20.2468
671 -52.4535 -71.0871 18.6336
672 -41.6123 -63.0065 21.3942
673 -51.5329 -68.4554 16.9225
674 -48.1927 -67.2178 19.0251
675 -42.3487 -69.9265 27.5777
676 -39.9865 -66.4437 26.4572
677 -54.5752 -72.0817 17.5065
678 -57.1969 -69.7348 12.5379
679 -53.5874 -71.8107 18.2233
680 -48.0967 -69.4445 21.3478
681 -41.1643 -64.6677 23.5034
682 -47.8622 -65.7657 17.9036
683 -50.446 -69.0638 18.6178
684 -51.1332 -67.9832 16.85
685 -50.1782 -67.7263 17.5481
686 -47.9299 -69.0857 21.1558
687 -53.5087 -66.2874 12.7787
688 -53.1505 -72.9103 19.7597
689 -41.281 -66.757 25.476
690 -44.1994 -65.7131 21.5137
691 -46.7701 -67.8828 21.1127
692 -50.6609 -67.9164 17.2555
693 -47.3136 -69.1958 21.8822
694 -43.2034 -68.3615 25.1581
695 -52.5736 -71.5375 18.9639
696 -47.3826 -70.5397 23.1571
697 -44.9711 -67.6153 22.6442
698 -40.987 -63.9845 22.9975
699 -53.6555 -69.6091 15.9536
700 -46.1298 -69.6149 23.485
701 -45.9625 -68.1073 22.1448
702 -48.0585 -66.9128 18.8543
703 -38.4086 -57.0811 18.6725
704 -44.0465 -67.7391 23.6926
705 -48.0641 -72.1573 24.0932
706 -49.2179 -65.7845 16.5666
707 -49.8383 -68.991 19.1526
708 -54.4112 -69.8152 15.404
709 -50.2146 -70.0608 19.8462
710 -49.7004 -66.7121 17.0117
711 -57.5871 -73.569 15.9818
712 -43.1616 -62.6904 19.5288
713 -41.6775 -65.6357 23.9582
714 -47.7015 -64.9963 17.2948
715 -51.646 -68.1565 16.5105
716 -52.9391 -70.4394 17.5003
717 -49.5663 -71.2284 21.6621
718 -46.0554 -65.572 19.5166
719 -48.2631 -70.3596 22.0965
720 -54.4082 -72.662 18.2537
721 -50.9851 -71.6483 20.6632
722 -49.482 -68.2049 18.7229
723 -38.1852 -62.9663 24.7811
724 -48.8801 -68.0013 19.1213
725 -45.3567 -62.957 17.6003
726 -44.424 -70.3406 25.9166
727 -42.7377 -65.8542 23.1165
728 -46.5553 -65.9308 19.3756
729 -50.8384 -68.2835 17.4451
730 -50.2972 -71.4659 21.1687
731 -40.7869 -69.0166 28.2296
732 -45.5461 -65.2009 19.6548
733 -40.5523 -65.8301 25.2778
734 -44.1078 -60.9367 16.8289
735 -39.7775 -61.9021 22.1246
736 -51.7063 -68.9512 17.2449
737 -50.4902 -69.6626 19.1724
738 -50.5692 -70.3527 19.7835
739 -49.2527 -66.6077 17.355
740 -49.9846 -68.8296 18.845
741 -45.3599 -68.0364 22.6765
742 -51.0424 -72.7937 21.7514
743 -49.2987 -69.7861 20.4874
744 -54.8577 -70.1078 15.25
745 -42.478 -67.0577 24.5797
746 -50.7366 -69.6156 18.8791
747 -51.3756 -68.5093 17.1337
748 -58.3381 -71.4887 13.1506
749 -55.8772 -71.46 15.5828
750 -54.1107 -71.0897 16.9789
751 -45.183 -67.1766 21.9936
752 -49.3433 -69.5317 20.1884
753 -53.2628 -67.4799 14.2171
754 -45.005 -65.111 20.106
755 -49.0337 -69.7652 20.7315
756 -47.7477 -65.3293 17.5816
757 -57.7028 -70.7957 13.0929
758 -47.0124 -68.8457 21.8333
759 -37.0317 -63.4831 26.4514
760 -45.8873 -63.5995 17.7122
761 -48.7161 -66.1605 17.4443
762 -41.9941 -66.279 24.2849
763 -31.6474 -60.917 29.2697
764 -56.9753 -70.3719 13.3966
765 -44.2556 -68.1025 23.8469
766 -48.9635 -68.8339 19.8704
767 -52.5819 -70.2975 17.7156
768 -43.8712 -65.8405 21.9693
769 -55.6176 -72.2395 16.6219
770 -53.5424 -68.8559 15.3136
771 -47.243 -64.2478 17.0048
772 -40.5481 -61.118 20.5699
773 -45.5083 -65.6976 20.1893
774 -52.8161 -68.9461 16.1301
775 -54.2485 -71.7908 17.5423
776 -49.0851 -70.09 21.0049
777 -49.1058 -66.5729 17.4671
778 -48.7467 -68.622 19.8753
779 -48.7227 -65.7486 17.0259
780 -47.0295 -66.8275 19.7981
781 -47.6578 -66.4992 18.8413
782 -52.7285 -69.7519 17.0234
783 -49.2574 -66.4011 17.1437
784 -50.8367 -68.4599 17.6232
785 -48.4218 -73.2012 24.7795
786 -38.7573 -64.2462 25.4889
787 -43.8511 -68.1225 24.2714
788 -42.7155 -66.1956 23.4801
789 -50.73 -63.649 12.9191
790 -47.227 -65.3588 18.1318
791 -57.0028 -69.808 12.8052
792 -47.4147 -70.7631 23.3484
793 -41.883 -68.4878 26.6048
794 -41.5466 -62.4239 20.8774
795 -50.0381 -70.9107 20.8727
796 -47.4371 -70.2463 22.8093
797 -57.8757 -72.8049 14.9292
798 -38.9043 -69.0077 30.1034
799 -44.0665 -67.9922 23.9257
800 -48.3025 -71.6641 23.3616
801 -48.7839 -65.9133 17.1295
802 -41.4955 -70.383 28.8875
803 -47.5472 -65.6783 18.1311
804 -42.7544 -67.9645 25.2102
805 -48.3196 -66.817 18.4975
806 -50.5612 -67.1712 16.61
807 -47.3057 -66.2895 18.9838
808 -53.8598 -69.5448 15.685
809 -48.3741 -69.6976 21.3235
810 -44.0157 -65.606 21.5902
811 -54.7563 -69.5033 14.747
812 -53.0428 -72.2928 19.25
813 -45.1651 -67.7176 22.5525
814 -42.2745 -68.0057 25.7312
815 -57.2505 -71.2927 14.0422
816 -47.2787 -65.8042 18.5254
817 -53.9502 -71.8583 17.9081
818 -46.9093 -65.6237 18.7145
819 -55.8631 -72.4277 16.5645
820 -56.5961 -71.9596 15.3636
821 -48.1617 -68.6947 20.533
822 -53.0225 -68.5348 15.5123
823 -54.094 -71.4613 17.3672
824 -49.8042 -69.7552 19.951
825 -50.5429 -68.8915 18.3486
826 -43.1451 -65.7919 22.6468
827 -43.6111 -67.1001 23.489
828 -41.9115 -63.6687 21.7573
829 -41.6299 -66.7395 25.1096
830 -49.2234 -72.0448 22.8214
831 -43.1326 -66.5795 23.447
832 -45.6897 -66.0929 20.4032
833 -48.5096 -67.1245 18.6149
834 -49.8411 -69.5415 19.7004
835 -38.3767 -63.8423 25.4656
836 -48.2529 -70.0687 21.8158
837 -49.4591 -71.5968 22.1376
838 -55.0585 -71.7126 16.6541
839 -51.9189 -71.9155 19.9966
840 -41.5074 -59.3387 17.8313
841 -50.3244 -65.0954 14.7709
842 -51.3504 -69.7635 18.4131
843 -46.3208 -71.07 24.7492
844 -42.748 -64.4715 21.7234
845 -56.9941 -71.9519 14.9578
846 -51.2666 -70.7079 19.4413
847 -52.2806 -67.8287 15.5481
848 -52.7979 -68.3556 15.5577
849 -46.3674 -68.1751 21.8077
850 -51.6432 -68.8863 17.2431
851 -50.442 -72.0186 21.5765
852 -42.8819 -64.6268 21.745
853 -47.4145 -71.9724 24.5579
854 -48.5999 -64.4289 15.829
855 -45.3546 -71.3946 26.04
856 -45.506 -66.9453 21.4394
857 -43.1857 -61.5319 18.3462
858 -52.8922 -70.636 17.7437
859 -50.5395 -68.407 17.8676
860 -47.1158 -65.0466 17.9308
861 -41.8859 -67.4186 25.5327
862 -51.286 -67.3957 16.1097
863 -45.422 -67.5993 22.1773
864 -52.0007 -72.8249 20.8242
865 -55.4468 -70.8752 15.4285
866 -48.0671 -69.6506 21.5835
867 -40.7011 -68.9365 28.2354
868 -44.6884 -68.3741 23.6857
869 -54.5854 -70.7536 16.1682
870 -49.9046 -65.2763 15.3717
871 -56.1727 -68.3687 12.196
872 -50.1359 -66.2397 16.1038
873 -48.4833 -69.0628 20.5795
874 -40.6527 -63.2162 22.5635
875 -39.0637 -65.9627 26.8989
876 -55.3247 -70.2197 14.895
877 -53.2702 -65.9844 12.7142
878 -45.0554 -67.1569 22.1014
879 -50.0565 -64.3519 14.2954
880 -40.8089 -62.468 21.6591
881 -48.7368 -67.1718 18.4351
882 -52.4648 -68.5708 16.106
883 -54.0011 -67.3019 13.3009
884 -46.0767 -67.6902 21.6135
885 -45.3216 -67.4128 22.0912
886 -44.4143 -64.84 20.4257
887 -51.1104 -69.0829 17.9725
888 -57.5514 -71.2045 13.6531
889 -50.3969 -65.9466 15.5497
890 -50.0994 -71.8285 21.7291
891 -54.2116 -71.2604 17.0488
892 -55.7691 -70.719 14.9498
893 -40.1362 -68.4285 28.2923
894 -50.6147 -68.816 18.2012
895 -47.3627 -64.8777 17.5151
896 -53.7471 -73.2361 19.4889
897 -47.5444 -67.1405 19.5962
898 -42.8912 -65.0932 22.202
899 -54.7123 -67.3887 12.6764
900 -59.1217 -69.9756 10.8539
901 -54.6705 -71.3694 16.6989
902 -45.0965 -63.9282 18.8317
903 -45.3427 -68.7363 23.3936
904 -46.2366 -65.4736 19.2369
905 -37.9869 -66.4077 28.4208
906 -51.1181 -69.6793 18.5612
907 -45.3529 -68.3814 23.0285
908 -43.0213 -69.2935 26.2722
909 -48.0413 -65.9625 17.9212
910 -51.1752 -69.0091 17.8338
911 -49.0625 -64.1606 15.0981
912 -50.096 -66.554 16.458
913 -50.5114 -72.2273 21.716
914 -45.7627 -66.1269 20.3642
915 -39.6045 -60.6036 20.9991
916 -52.9173 -68.716 15.7987
917 -45.2024 -61.6329 16.4305
918 -42.3929 -65.6479 23.2549
919 -47.062 -68.0666 21.0046
920 -47.37 -69.4187 22.0487
921 -46.8913 -67.1298 20.2386
922 -46.4469 -65.573 19.1261
923 -55.1906 -68.2644 13.0738
924 -52.0339 -70.6826 18.6487
925 -48.7894 -65.9874 17.198
926 -43.0995 -65.2278 22.1283
927 -51.2638 -70.1961 18.9323
928 -49.6229 -68.8527 19.2298
929 -52.9287 -70.4622 17.5334
930 -41.4318 -66.3254 24.8936
931 -46.8226 -72.1172 25.2946
932 -50.7372 -66.9755 16.2383
933 -45.1346 -67.9219 22.7873
934 -52.9075 -70.4203 17.5128
935 -51.3942 -71.1361 19.7418
936 -44.6459 -66.2995 21.6536
937 -46.4668 -67.0844 20.6176
938 -53.7302 -72.2763 18.5462
939 -54.5939 -67.9663 13.3724
940 -48.7187 -69.9402 21.2215
941 -47.6471 -68.1077 20.4606
942 -46.1175 -65.9534 19.8359
943 -52.5413 -74.2422 21.7008
944 -56.0892 -68.3593 12.2702
945 -49.8745 -68.514 18.6395
946 -48.2843 -68.4783 20.194
947 -56.5192 -73.3046 16.7854
948 -48.2788 -68.8548 20.576
949 -58.1603 -74.8597 16.6994
950 -39.0756 -61.6883 22.6126
951 -58.0282 -70.5754 12.5472
952 -43.826 -67.3197 23.4937
953 -50.1991 -71.7284 21.5293
954 -59.1311 -72.4556 13.3245
955 -56.2927 -73.4657 17.173
956 -49.8607 -68.8408 18.9802
957 -40.8731 -65.8489 24.9758
958 -58.4092 -69.1367 10.7275
959 -53.7175 -70.2922 16.5747
960 -48.5171 -66.7058 18.1887
961 -54.9546 -68.838 13.8834
962 -49.0403 -68.2848 19.2446
963 -45.384 -66.6085 21.2245
964 -44.9909 -66.1614 21.1705
965 -52.0912 -70.9825 18.8913
966 -48.5568 -64.9442 16.3874
967 -53.4704 -72.5612 19.0908
968 -46.6206 -70.2212 23.6006
969 -49.2665 -65.309 16.0424
970 -44.6816 -68.9114 24.2298
971 -48.8547 -70.483 21.6283
972 -55.601 -72.7549 17.154
973 -45.3342 -66.1772 20.8429
974 -49.5224 -71.4704 21.948
975 -47.7478 -70.9149 23.167
976 -45.0263 -64.9558 19.9295
977 -56.2433 -69.9065 13.6632
978 -41.6509 -69.5836 27.9327
979 -44.0789 -71.7259 27.6471
980 -49.3229 -67.3623 18.0394
981 -58.0111 -72.2945 14.2834
982 -44.2822 -66.091 21.8087
983 -45.0058 -69.1226 24.1168
984 -45.2682 -64.9373 19.6691
985 -43.9522 -64.0294 20.0773
986 -47.9256 -67.318 19.3925
987 -53.0489 -70.2208 17.1719
988 -36.9786 -62.5314 25.5528
989 -47.548 -63.5884 16.0403
990 -47.3922 -70.4359 23.0437
991 -39.5776 -64.2748 24.6972
992 -43.2126 -63.32 20.1073
993 -51.0188 -71.5629 20.5441
994 -44.4487 -68.9329 24.4842
995 -50.3026 -65.4683 15.1657
996 -49.1966 -67.315 18.1184
997 -52.7321 -71.3305 18.5984
998 -46.5924 -65.0856 18.4932
999 -52.9391 -69.005 16.0659
1000 -48.4099 -69.9835 21.5736
1001 -50.8863 -70.945 20.0587
1002 -49.7634 -66.4226 16.6592
1003 -52.5789 -68.7792 16.2003
1004 -43.5758 -70.9941 27.4183
1005 -47.3357 -67.1129 19.7772
1006 -42.3672 -59.995 17.6278
1007 -53.5204 -69.6344 16.114
1008 -57.524 -69.8898 12.3659
1009 -47.354 -69.5801 22.2261
1010 -56.1261 -72.3188 16.1927
1011 -46.567 -68.3193 21.7523
1012 -41.5625 -66.788 25.2255
1013 -51.0033 -67.7129 16.7096
1014 -40.4343 -60.6563 20.2221
1015 -39.935 -63.1081 23.1732
1016 -41.0725 -63.0528 21.9803
1017 -48.6606 -68.4367 19.7761
1018 -47.373 -69.5118 22.1388
1019 -55.8486 -71.5033 15.6548
1020 -46.7243 -67.6105 20.8862
1021 -44.9202 -64.6309 19.7107
1022 -50.2296 -72.1503 21.9208
1023 -48.9077 -71.9686 23.0609
1024 -43.4515 -69.5655 26.1139
1025 -46.5735 -69.5797 23.0062
1026 -54.1614 -73.3969 19.2355
1027 -44.3415 -73.4218 29.0803
1028 -40.8509 -63.9233 23.0723
1029 -48.3726 -71.6473 23.2747
1030 -45.3401 -66.6006 21.2605
1031 -50.6112 -67.5751 16.9639
1032 -54.0467 -66.1288 12.0821
1033 -43.4886 -62.4089 18.9203
1034 -50.1624 -68.4201 18.2577
1035 -43.8532 -65.7395 21.8864
1036 -53.5493 -70.9452 17.3959
1037 -47.445 -64.4002 16.9552
1038 -55.9985 -68.5315 12.533
1039 -51.6752 -69.4653 17.7901
1040 -46.4896 -72.3505 25.8609
1041 -46.5476 -67.0486 20.501
1042 -47.5613 -68.5599 20.9986
1043 -53.5738 -71.6878 18.114
1044 -46.9049 -70.3583 23.4534
1045 -48.6909 -69.7053 21.0145
1046 -52.3569 -73.3181 20.9612
1047 -46.0011 -66.3682 20.3671
1048 -47.7488 -64.8797 17.131
1049 -53.3014 -70.6784 17.3771
1050 -54.9501 -70.832 15.8819
1051 -41.7324 -65.8094 24.077
1052 -55.3405 -68.8886 13.5481
1053 -52.1048 -70.2543 18.1495
1054 -44.2021 -63.5169 19.3148
1055 -42.6924 -63.8673 21.1749
1056 -49.2506 -68.7267 19.4761
1057 -43.386 -69.366 25.98
1058 -48.0393 -67.2111 19.1719
1059 -46.2638 -69.1032 22.8394
1060 -50.1517 -64.7711 14.6195
1061 -51.3988 -69.1745 17.7757
1062 -48.265 -71.3813 23.1163
1063 -42.8863 -71.128 28.2416
1064 -47.6454 -67.5376 19.8922
1065 -48.1826 -66.453 18.2705
1066 -49.8844 -65.3264 15.442
1067 -48.5804 -70.6936 22.1132
1068 -50.1954 -70.2807 20.0853
1069 -46.2481 -67.2635 21.0154
1070 -50.9212 -66.2634 15.3423
1071 -43.376 -66.6667 23.2907
1072 -51.4579 -66.3033 14.8453
1073 -47.8959 -68.7233 20.8274
1074 -56.9715 -73.1182 16.1468
1075 -47.3245 -69.9902 22.6656
1076 -52.161 -70.2374 18.0764
1077 -49.2868 -67.6645 18.3777
1078 -47.7406 -64.7952 17.0546
1079 -48.7405 -65.8929 17.1524
1080 -51.3228 -69.3476 18.0249
1081 -53.3323 -75.9517 22.6194
1082 -45.8569 -68.6952 22.8383
1083 -58.7237 -74.5807 15.857
1084 -51.4107 -67.3013 15.8906
1085 -49.3746 -67.6868 18.3122
1086 -51.7953 -68.9843 17.189
1087 -45.4456 -67.8055 22.3599
1088 -47.5502 -68.3886 20.8384
1089 -39.8329 -66.4484 26.6155
1090 -52.32 -68.0174 15.6974
1091 -49.4011 -67.9074 18.5063
1092 -54.2648 -72.7807 18.516
1093 -52.2757 -67.4136 15.1379
1094 -53.9414 -72.1522 18.2107
1095 -41.4404 -64.4808 23.0405
1096 -51.3216 -68.2605 16.9389
1097 -52.3678 -70.5498 18.182
1098 -47.3243 -66.5181 19.1938
1099 -42.7503 -65.1359 22.3857
1100 -47.2148 -70.5875 23.3727
1101 -55.6046 -74.2996 18.6951
1102 -49.7686 -67.1257 17.3571
1103 -35.9366 -69.2698 33.3331
1104 -41.1797 -63.4006 22.221
1105 -49.467 -66.3433 16.8762
1106 -46.143 -63.2921 17.1491
1107 -59.006 -75.3092 16.3033
1108 -46.7785 -72.3728 25.5943
1109 -43.8606 -72.7259 28.8653
1110 -40.8668 -65.271 24.4042
1111 -48.8961 -67.8326 18.9365
1112 -47.7176 -68.8943 21.1766
1113 -47.4499 -68.3456 20.8957
1114 -40.8865 -66.0691 25.1826
1115 -53.9685 -69.6768 15.7083
1116 -48.693 -69.1123 20.4193
1117 -50.5059 -71.481 20.975
1118 -48.3495 -71.6245 23.275
1119 -49.4342 -71.2083 21.7741
1120 -54.3635 -68.8519 14.4883
1121 -43.289 -69.8948 26.6058
1122 -51.6988 -65.7643 14.0655
1123 -42.6905 -65.4054 22.7149
1124 -56.1898 -73.1154 16.9257
1125 -43.78 -64.5922 20.8122
1126 -41.6034 -67.2037 25.6003
1127 -54.7576 -75.072 20.3143
1128 -49.0777 -66.799 17.7213
1129 -46.3062 -67.6176 21.3114
1130 -47.1867 -67.4133 20.2267
1131 -53.8541 -71.7146 17.8605
1132 -42.0301 -66.9754 24.9453
1133 -46.0724 -65.3833 19.311
1134 -39.028 -64.928 25.9
1135 -50.3024 -72.6858 22.3834
1136 -50.4741 -72.5351 22.0611
1137 -47.0585 -67.3153 20.2567
1138 -42.4294 -65.9926 23.5632
1139 -50.4175 -65.7358 15.3182
1140 -50.952 -66.879 15.927
1141 -51.4589 -71.0312 19.5723
1142 -55.1345 -67.9913 12.8569
1143 -47.9025 -65.7682 17.8657
1144 -43.8355 -63.6807 19.8451
1145 -44.7836 -66.7614 21.9778
1146 -48.8258 -70.7107 21.8849
1147 -38.1395 -61.1069 22.9673
1148 -48.207 -66.3588 18.1517
1149 -54.0284 -73.1835 19.1551
1150 -46.3659 -70.8252 24.4593
1151 -46.353 -67.7671 21.4141
1152 -49.6363 -66.1095 16.4731
1153 -50.8957 -71.3107 20.4149
1154 -55.6751 -71.9715 16.2964
1155 -44.1977 -65.0728 20.8752
1156 -50.8325 -71.7502 20.9177
1157 -49.8517 -67.4968 17.6451
1158 -54.1295 -71.1116 16.982
1159 -49.4855 -71.3721 21.8866
1160 -41.3484 -66.5436 25.1953
1161 -48.2037 -65.7421 17.5384
1162 -43.4477 -63.3875 19.9398
1163 -53.8117 -70.8539 17.0422
1164 -56.3084 -75.1172 18.8088
1165 -42.1116 -65.0547 22.9431
1166 -48.0156 -64.0828 16.0672
1167 -47.5249 -66.9679 19.443
1168 -38.678 -70.0308 31.3528
1169 -45.1963 -64.6211 19.4247
1170 -41.8774 -65.4382 23.5608
1171 -47.1008 -66.1142 19.0134
1172 -56.3729 -72.9029 16.5301
1173 -42.0776 -68.5456 26.468
1174 -47.8885 -64.1078 16.2192
1175 -44.6841 -65.4444 20.7603
1176 -44.4464 -67.2883 22.8419
1177 -50.8059 -72.9202 22.1143
1178 -49.979 -69.2487 19.2697
1179 -44.8503 -66.2942 21.4439
1180 -56.4791 -68.09 11.6109
1181 -49.862 -68.2975 18.4355
1182 -53.6296 -72.3709 18.7413
1183 -48.2617 -70.4142 22.1526
1184 -53.9852 -70.7925 16.8073
1185 -50.7316 -72.8344 22.1028
1186 -43.9429 -70.7532 26.8103
1187 -45.1721 -66.9229 21.7508
1188 -45.2007 -64.1358 18.9351
1189 -54.257 -70.3645 16.1075
1190 -46.7729 -63.9375 17.1646
1191 -46.0481 -67.4954 21.4473
1192 -52.6793 -72.609 19.9296
1193 -46.4303 -69.7932 23.3628
1194 -48.5635 -69.285 20.7215
1195 -50.646 -67.6443 16.9982
1196 -50.2652 -72.4433 22.1781
1197 -51.1126 -71.6325 20.5198
1198 -44.3623 -64.7153 20.353
1199 -56.9542 -73.6997 16.7455
1200 -45.9968 -66.2352 20.2384
1201 -55.5558 -69.9673 14.4115
1202 -58.9034 -72.1983 13.295
1203 -45.6144 -64.1015 18.4871
1204 -49.7622 -66.0152 16.253
1205 -48.0488 -71.2428 23.194
1206 -50.1432 -68.8086 18.6654
1207 -55.87 -68.9175 13.0475
1208 -58.3085 -76.724 18.4155
1209 -52.4936 -68.3812 15.8876
1210 -44.3516 -66.2008 21.8492
1211 -41.5706 -67.9588 26.3882
1212 -47.1867 -70.6824 23.4958
1213 -45.8334 -68.3941 22.5607
1214 -47.8273 -71.7461 23.9188
1215 -48.8549 -71.868 23.013
1216 -53.2133 -72.4939 19.2806
1217 -43.8189 -64.6935 20.8746
1218 -50.1641 -65.5751 15.411
1219 -52.7563 -67.9752 15.2189
1220 -57.6582 -67.0691 9.41094
1221 -53.8151 -70.1434 16.3283
1222 -50.5428 -74.9727 24.4299
1223 -54.0628 -67.7245 13.6617
1224 -49.9705 -69.1741 19.2036
1225 -49.2293 -70.2274 20.9981
1226 -50.7467 -69.0345 18.2878
1227 -53.1737 -69.973 16.7992
1228 -46.7266 -66.2683 19.5416
1229 -53.279 -66.3752 13.0961
1230 -49.6387 -64.2076 14.5689
1231 -53.0414 -69.1189 16.0775
1232 -40.5039 -66.5879 26.084
1233 -49.041 -70.0483 21.0073
1234 -50.9458 -67.9299 16.9841
1235 -44.5781 -69.2868 24.7087
1236 -44.9769 -71.7895 26.8126
1237 -49.0936 -71.4645 22.3709
1238 -50.7079 -67.566 16.858
1239 -41.1281 -64.9402 23.8122
1240 -50.2504 -70.5594 20.309
1241 -46.7054 -63.1586 16.4532
1242 -46.2152 -66.1296 19.9144
1243 -53.1305 -69.5656 16.4351
1244 -51.1454 -67.4319 16.2865
1245 -46.463 -60.5216 14.0587
1246 -49.6984 -71.5265 21.8281
1247 -50.9877 -70.8158 19.828
1248 -44.2148 -67.58 23.3653
1249 -45.9768 -65.8206 19.8439
1250 -40.0466 -67.5627 27.5161
1251 -47.7192 -62.9065 15.1873
1252 -47.8878 -72.4858 24.598
1253 -36.9838 -64.1504 27.1666
1254 -45.6051 -68.5619 22.9568
1255 -48.3734 -66.3216 17.9482
1256 -42.0877 -66.9509 24.8633
1257 -45.6207 -65.0669 19.4462
1258 -45.2091 -64.7434 19.5343
1259 -46.3147 -63.9222 17.6075
1260 -47.642 -67.9548 20.3129
1261 -51.8305 -69.5452 17.7148
1262 -43.1235 -63.6929 20.5693
1263 -45.7843 -70.8858 25.1015
1264 -44.7094 -68.1523 23.4429
1265 -49.7763 -65.9385 16.1622
1266 -49.9822 -67.7671 17.7849
1267 -56.742 -71.3576 14.6156
1268 -50.4809 -70.0773 19.5964
1269 -50.2688 -67.3324 17.0635
1270 -41.751 -64.4849 22.7339
1271 -52.9163 -71.5187 18.6024
1272 -51.0265 -72.8141 21.7876
1273 -52.242 -65.492 13.25
1274 -44.6158 -70.563 25.9472
1275 -49.2785 -67.6509 18.3724
1276 -40.7054 -65.5142 24.8088
1277 -54.1048 -68.5595 14.4547
1278 -47.4968 -70.4839 22.9871
1279 -40.5219 -66.132 25.6101
1280 -36.0813 -59.9839 23.9026
1281 -59.2598 -73.0011 13.7413
1282 -47.841 -71.404 23.563
1283 -47.7046 -70.384 22.6794
1284 -44.9704 -68.8414 23.871
1285 -47.135 -68.0013 20.8663
1286 -45.6395 -67.1496 21.5101
1287 -50.9697 -68.8373 17.8676
1288 -54.6744 -70.3784 15.704
1289 -56.145 -69.1061 12.9611
1290 -56.5575 -67.7257 11.1682
1291 -51.2679 -70.0429 18.775
1292 -42.2111 -66.435 24.2239
1293 -49.4472 -66.6174 17.1702
1294 -51.2615 -64.4561 13.1946
1295 -50.2431 -66.0248 15.7817
1296 -41.6957 -61.1771 19.4814
1297 -55.9942 -70.5964 14.6022
1298 -46.031 -64.651 18.62
1299 -40.3584 -67.1433 26.7849
1300 -41.3628 -62.6509 21.2881
1301 -42.9118 -64.2734 21.3616
1302 -51.0381 -70.1121 19.0741
1303 -44.6933 -68.8934 24.2
1304 -54.3308 -69.4221 15.0913
1305 -43.5133 -71.3479 27.8346
1306 -47.718 -69.7209 22.0028
1307 -46.2744 -62.3471 16.0727
1308 -47.7756 -65.7586 17.983
1309 -45.4135 -66.4329 21.0194
1310 -50.863 -70.7045 19.8415
1311 -49.4325 -65.7741 16.3416
1312 -49.4986 -65.588 16.0894
1313 -46.0059 -67.525 21.5191
1314 -46.7978 -69.8241 23.0263
1315 -45.076 -66.3781 21.302
1316 -42.4386 -65.0369 22.5983
1317 -46.9719 -65.2489 18.277
1318 -43.1627 -68.5397 25.377
1319 -49.0655 -66.0442 16.9787
1320 -41.0915 -65.7566 24.6651
1321 -45.8456 -66.9399 21.0943
1322 -49.5557 -66.7869 17.2312
1323 -40.3751 -67.7438 27.3687
1324 -46.1384 -66.6558 20.5174
1325 -45.425 -68.6495 23.2245
1326 -41.2381 -68.7194 27.4812
1327 -45.7658 -64.2107 18.4449
1328 -49.9361 -70.0455 20.1094
1329 -46.5183 -66.8491 20.3308
1330 -53.5278 -69.5338 16.006
1331 -49.9158 -68.2174 18.3017
1332 -38.7707 -66.9561 28.1854
1333 -48.2387 -69.1174 20.8787
1334 -45.52 -67.666 22.146
1335 -56.1415 -75.0652 18.9237
1336 -39.915 -62.3604 22.4455
1337 -44.0402 -68.3742 24.3341
1338 -47.5092 -67.911 20.4018
1339 -52.8949 -72.5232 19.6283
1340 -47.744 -65.7105 17.9665
1341 -51.5963 -70.344 18.7477
1342 -49.201 -74.4698 25.2688
1343 -49.8531 -71.8088 21.9556
1344 -46.5294 -68.1089 21.5795
1345 -57.3156 -72.0408 14.7252
1346 -55.482 -69.0671 13.5852
1347 -57.5286 -71.3051 13.7765
1348 -52.047 -68.5851 16.5381
1349 -50.3332 -69.6699 19.3367
1350 -50.831 -67.0152 16.1842
1351 -47.7364 -70.0294 22.2929
1352 -46.5992 -68.7958 22.1966
1353 -52.1358 -72.4845 20.3487
1354 -49.1555 -70.4246 21.2691
1355 -46.6568 -69.4041 22.7473
1356 -49.8982 -65.6181 15.72
1357 -49.7205 -68.6069 18.8864
1358 -50.7027 -67.5359 16.8332
1359 -46.7529 -65.7478 18.9948
1360 -50.0003 -67.0812 17.0809
1361 -48.4128 -66.7864 18.3736
1362 -41.7131 -68.5707 26.8576
1363 -57.4786 -75.2265 17.7479
1364 -52.2715 -70.5643 18.2928
1365 -54.6334 -71.7934 17.1599
1366 -47.691 -67.2347 19.5437
1367 -49.5544 -67.8539 18.2995
1368 -49.2142 -68.5886 19.3745
1369 -52.5236 -67.4963 14.9727
1370 -43.6746 -67.0358 23.3612
1371 -43.5462 -65.1292 21.583
1372 -48.9231 -67.3371 18.414
1373 -34.3484 -62.0313 27.6829
1374 -54.1009 -70.1257 16.0248
1375 -49.7426 -66.5225 16.7798
1376 -38.7161 -67.7457 29.0296
1377 -55.9672 -73.4149 17.4477
1378 -46.7675 -67.436 20.6685
1379 -37.0276 -63.6894 26.6618
1380 -50.7885 -65.5079 14.7194
1381 -48.6866 -68.1121 19.4255
1382 -49.129 -68.4438 19.3147
1383 -53.4983 -70.8941 17.3959
1384 -52.1203 -69.6686 17.5483
1385 -48.6446 -66.78 18.1353
1386 -46.1571 -66.3629 20.2058
1387 -55.9597 -71.0449 15.0853
1388 -46.381 -69.9819 23.601
1389 -50.9677 -67.805 16.8374
1390 -48.9813 -64.4382 15.4569
1391 -43.1586 -67.6975 24.539
1392 -46.8444 -63.0247 16.1803
1393 -57.2658 -69.881 12.6152
1394 -53.4282 -70.8788 17.4506
1395 -45.1685 -65.5339 20.3654
1396 -48.388 -67.0506 18.6626
1397 -47.8347 -68.7464 20.9117
1398 -49.7916 -64.4964 14.7048
1399 -60.5008 -70.2087 9.70791
1400 -48.943 -65.7347 16.7917
1401 -57.0357 -72.5413 15.5055
1402 -50.8451 -69.5728 18.7277
1403 -48.0585 -65.5381 17.4796
1404 -44.0479 -65.5899 21.542
1405 -46.6806 -68.1565 21.476
1406 -50.8155 -69.33 18.5144
1407 -45.7597 -67.6149 21.8552
1408 -52.25 -71.1099 18.8598
1409 -55.9653 -70.8587 14.8933
1410 -55.4641 -68.4883 13.0241
1411 -48.3492 -71.7952 23.446
1412 -43.7163 -69.482 25.7656
1413 -47.8794 -70.041 22.1616
1414 -50.9585 -70.6414 19.6829
1415 -46.1432 -71.5672 25.424
1416 -51.801 -72.221 20.42
1417 -46.4736 -69.2817 22.8081
1418 -47.9181 -67.9483 20.0302
1419 -50.7275 -67.1481 16.4206
1420 -53.4791 -73.0152 19.5361
1421 -57.4511 -69.6685 12.2175
1422 -50.3067 -66.6868 16.3802
1423 -45.0638 -64.9001 19.8362
1424 -40.3348 -66.2834 25.9485
1425 -39.4644 -69.1717 29.7073
1426 -58.7129 -70.4417 11.7288
1427 -39.0301 -62.3127 23.2826
1428 -46.1076 -71.4209 25.3133
1429 -51.2073 -67.6889 16.4815
1430 -47.6628 -69.4899 21.8271
1431 -57.5006 -69.9513 12.4508
1432 -55.525 -66.743 11.218
1433 -55.3731 -70.7814 15.4084
1434 -50.9256 -70.2354 19.3098
1435 -42.4563 -64.6508 22.1944
1436 -49.8474 -67.1625 17.3151
1437 -42.2658 -64.9869 22.7211
1438 -44.9666 -64.5295 19.563
1439 -53.2287 -73.6085 20.3799
1440 -54.9124 -72.7609 17.8485
1441 -45.0104 -69.1969 24.1865
1442 -60.7767 -76.0394 15.2626
1443 -52.4135 -70.0744 17.6609
1444 -48.9701 -67.484 18.5139
1445 -55.0875 -71.8178 16.7302
1446 -47.2115 -65.9464 18.7349
1447 -55.0774 -68.8163 13.7389
1448 -46.8788 -71.4554 24.5766
1449 -52.8191 -74.5897 21.7706
1450 -56.565 -70.5112 13.9461
1451 -43.993 -70.165 26.1721
1452 -46.5399 -66.3948 19.8549
1453 -46.1579 -68.9656 22.8077
1454 -40.7774 -66.8123 26.0349
1455 -50.3643 -71.8245 21.4602
1456 -47.9322 -69.8951 21.9628
1457 -42.0577 -63.7471 21.6894
1458 -55.2912 -67.5915 12.3004
1459 -47.5991 -68.2852 20.6861
1460 -49.0699 -71.6978 22.6279
1461 -54.9483 -65.2095 10.2612
1462 -50.5172 -65.7968 15.2796
1463 -55.8016 -73.9292 18.1276
1464 -54.4367 -68.5461 14.1094
1465 -42.9423 -67.953 25.0107
1466 -40.6838 -62.7346 22.0509
1467 -47.5096 -69.616 22.1064
1468 -46.945 -69.0006 22.0556
1469 -45.2352 -64.8529 19.6176
1470 -56.1448 -69.547 13.4022
1471 -50.8375 -70.5297 19.6923
1472 -37.092 -68.3112 31.2192
1473 -46.3435 -68.9639 22.6204
1474 -47.4633 -65.7267 18.2635
1475 -44.331 -63.222 18.891
1476 -44.5059 -65.8372 21.3313
1477 -44.0443 -64.6964 20.652
1478 -44.3566 -64.1154 19.7588
1479 -50.8264 -72.0242 21.1979
1480 -53.4325 -66.9085 13.476
1481 -54.6653 -69.2333 14.568
1482 -52.0412 -68.1478 16.1066
1483 -50.1089 -68.9937 18.8848
1484 -45.5 -64.0061 18.506
1485 -48.001 -69.5669 21.5658
1486 -42.0962 -66.6567 24.5605
1487 -42.634 -67.5636 24.9296
1488 -53.5991 -70.1513 16.5522
1489 -44.5045 -67.842 23.3375
1490 -44.1673 -64.1947 20.0274
1491 -44.7077 -69.5691 24.8614
1492 -51.7509 -70.6624 18.9115
1493 -45.4874 -66.03 20.5426
1494 -41.1817 -64.9596 23.7778
1495 -50.7306 -74.3322 23.6017
1496 -51.5833 -73.8154 22.2321
1497 -45.1251 -65.722 20.5968
1498 -44.7268 -64.5279 19.8011
1499 -64.054 -75.6602 11.6062
1500 -47.5946 -68.8144 21.2198
1501 -53.1167 -68.3241 15.2074
1502 -54.5163 -71.3359 16.8196
1503 -39.3436 -64.5384 25.1947
1504 -42.214 -62.5698 20.3558
1505 -49.7738 -66.2456 16.4718
1506 -55.7886 -73.6478 17.8592
1507 -48.5631 -67.9621 19.399
1508 -55.1921 -71.6019 16.4098
1509 -49.9869 -68.8242 18.8373
1510 -49.6448 -65.4188 15.7741
1511 -47.1505 -66.1359 18.9854
1512 -43.1283 -68.3849 25.2566
1513 -48.7151 -66.9739 18.2588
1514 -51.5298 -70.6098 19.08
1515 -48.51 -69.6319 21.1219
1516 -55.1118 -70.1242 15.0124
1517 -55.8812 -73.1288 17.2476
1518 -49.7917 -67.9357 18.144
1519 -59.0585 -72.3206 13.2622
1520 -45.4092 -67.2664 21.8571
1521 -47.9601 -68.9055 20.9454
1522 -50.3802 -67.7928 17.4126
1523 -47.2071 -65.9953 18.7882
1524 -51.3976 -70.4702 19.0726
1525 -50.0084 -63.3912 13.3828
1526 -38.8591 -66.5716 27.7124
1527 -47.1868 -70.5477 23.3608
1528 -46.3043 -67.7617 21.4574
1529 -46.9941 -66.8752 19.8811
1530 -39.4133 -60.2908 20.8774
1531 -51.5747 -72.7756 21.2009
1532 -39.6143 -64.8224 25.2081
1533 -50.2415 -70.7648 20.5233
1534 -44.7917 -65.1239 20.3322
1535 -44.5495 -63.7577 19.2082
1536 -54.6583 -70.3085 15.6502
1537 -46.575 -65.0945 18.5195
1538 -46.5536 -69.7043 23.1506
1539 -54.0397 -71.4108 17.3711
1540 -51.0848 -69.7687 18.6839
1541 -46.088 -65.877 19.789
1542 -45.5347 -64.6648 19.1302
1543 -46.1252 -63.082 16.9568
1544 -47.0822 -65.4269 18.3447
1545 -56.042 -73.3619 17.3199
1546 -52.5306 -68.2187 15.688
1547 -48.4183 -66.9849 18.5666
1548 -48.2996 -69.2573 20.9577
1549 -48.8458 -65.8242 16.9784
1550 -48.7461 -69.829 21.0829
1551 -46.6756 -68.8206 22.145
1552 -53.9016 -67.6724 13.7709
1553 -38.7518 -65.7635 27.0118
1554 -50.4409 -70.5181 20.0772
1555 -51.746 -73.5129 21.7668
1556 -54.0406 -71.1346 17.0939
1557 -47.457 -68.285 20.828
1558 -56.8521 -71.2525 14.4004
1559 -49.3324 -70.1067 20.7743
1560 -46.1074 -65.9204 19.8131
1561 -47.9416 -68.2967 20.3551
1562 -49.3814 -63.6997 14.3183
1563 -51.8234 -70.8751 19.0517
1564 -46.2907 -70.202 23.9113
1565 -56.6039 -71.6695 15.0656
1566 -44.4371 -71.5787 27.1416
1567 -55.5916 -71.3462 15.7546
1568 -47.9457 -67.9909 20.0452
1569 -47.983 -66.4724 18.4894
1570 -48.79 -66.579 17.789
1571 -46.3321 -66.1052 19.7731
1572 -48.5251 -66.4675 17.9425
1573 -51.4293 -68.2142 16.7849
1574 -52.51 -71.8389 19.3289
1575 -52.6341 -69.9209 17.2868
1576 -52.4426 -68.9573 16.5146
1577 -42.2116 -68.6574 26.4458
1578 -45.4054 -65.2773 19.8719
1579 -45.9806 -63.0448 17.0642
1580 -48.8555 -70.6294 21.7739
1581 -51.9622 -63.9117 11.9495
1582 -49.2272 -67.4629 18.2357
1583 -49.5034 -68.6047 19.1012
1584 -54.3584 -71.6087 17.2504
1585 -52.8661 -66.905 14.0389
1586 -44.9515 -66.6409 21.6894
1587 -44.7312 -69.2388 24.5076
1588 -45.8489 -66.9402 21.0912
1589 -48.851 -67.5109 18.6598
1590 -48.5812 -65.1837 16.6026
1591 -54.0859 -68.3783 14.2925
1592 -45.9087 -60.3179 14.4092
1593 -46.2114 -67.4483 21.2369
1594 -49.2212 -70.7533 21.5321
1595 -41.8215 -67.3474 25.5259
1596 -45.7421 -65.0433 19.3012
1597 -48.7798 -67.7351 18.9552
1598 -46.0819 -70.1865 24.1046
1599 -49.9408 -70.6061 20.6653
1600 -44.5405 -65.1897 20.6492
1601 -51.8616 -68.8319 16.9703
1602 -47.0707 -66.8198 19.7492
1603 -42.2126 -63.8809 21.6683
1604 -51.5994 -68.8017 17.2023
1605 -43.3687 -66.1806 22.8119
1606 -46.8402 -68.0749 21.2347
1607 -49.006 -69.7945 20.7885
1608 -48.8795 -67.5072 18.6277
1609 -50.2449 -70.4047 20.1598
1610 -52.7859 -71.6142 18.8283
1611 -48.6511 -70.9137 22.2626
1612 -35.4213 -67.3039 31.8825
1613 -49.6602 -68.6991 19.0389
1614 -51.9805 -71.429 19.4484
1615 -36.4421 -62.7985 26.3563
1616 -50.5295 -65.406 14.8765
1617 -47.9642 -62.6187 14.6545
1618 -53.1213 -68.6302 15.509
1619 -48.6148 -67.2099 18.5951
1620 -47.5507 -68.9482 21.3975
1621 -40.1771 -64.7693 24.5921
1622 -42.7976 -67.4449 24.6473
1623 -53.0141 -71.7716 18.7575
1624 -43.7975 -66.1151 22.3176
1625 -49.8557 -65.8601 16.0044
1626 -41.8762 -68.097 26.2207
1627 -53.4705 -66.2856 12.8151
1628 -44.1457 -61.3855 17.2398
1629 -48.3001 -68.6974 20.3973
1630 -46.3177 -67.2021 20.8844
1631 -44.1543 -65.0575 20.9032
1632 -51.997 -74.8553 22.8583
1633 -52.8774 -66.0528 13.1754
1634 -45.8672 -63.9365 18.0693
1635 -43.8597 -68.017 24.1573
1636 -51.5923 -67.9892 16.3969
1637 -44.5411 -70.0311 25.49
1638 -43.4781 -66.1026 22.6244
1639 -48.7054 -69.2285 20.5231
1640 -50.3552 -64.33 13.9749
1641 -41.1958 -63.8621 22.6663
1642 -44.6144 -64.7845 20.1701
1643 -47.2418 -64.6169 17.3751
1644 -46.4679 -68.9431 22.4752
1645 -54.8238 -68.7843 13.9605
1646 -51.7096 -64.2913 12.5817
1647 -42.3031 -65.2404 22.9373
1648 -48.1523 -66.9658 18.8134
1649 -61.5973 -73.5667 11.9695
1650 -48.7752 -72.1383 23.3632
1651 -48.4033 -68.7778 20.3745
1652 -54.4011 -69.9197 15.5186
1653 -52.595 -66.3963 13.8013
1654 -43.407 -69.9076 26.5006
1655 -53.7747 -69.6115 15.8367
1656 -43.789 -67.6188 23.8299
1657 -52.5216 -65.5113 12.9897
1658 -51.4919 -69.2958 17.8038
1659 -40.186 -64.2212 24.0352
1660 -45.9911 -65.272 19.2809
1661 -44.2372 -69.3064 25.0692
1662 -52.226 -67.9104 15.6844
1663 -46.326 -67.0237 20.6976
1664 -58.4357 -71.4546 13.0189
1665 -54.0796 -71.0972 17.0176
1666 -51.9782 -70.6059 18.6277
1667 -43.7555 -65.1996 21.444
1668 -54.8476 -69.1547 14.3071
1669 -50.3274 -69.4287 19.1013
1670 -45.7529 -67.3079 21.555
1671 -45.6128 -67.972 22.3592
1672 -47.9502 -67.509 19.5588
1673 -47.9278 -67.4015 19.4736
1674 -48.2274 -73.0542 24.8268
1675 -49.8531 -68.7503 18.8972
1676 -45.4018 -68.8469 23.4451
1677 -56.1408 -73.0478 16.907
1678 -54.2072 -67.1419 12.9346
1679 -45.7234 -69.3996 23.6762
1680 -50.1435 -69.3359 19.1924
1681 -45.4234 -64.0317 18.6083
1682 -44.7726 -70.8509 26.0783
1683 -44.1951 -65.9714 21.7762
1684 -50.822 -68.7151 17.8932
1685 -53.0913 -65.6457 12.5544
1686 -51.3757 -70.4255 19.0498
1687 -48.6441 -67.6695 19.0254
1688 -52.1381 -69.0062 16.8681
1689 -47.0469 -70.9858 23.9389
1690 -51.592 -72.667 21.075
1691 -52.1091 -69.04 16.9308
1692 -41.9185 -64.8894 22.971
1693 -48.6573 -68.3865 19.7292
1694 -50.692 -68.0838 17.3918
1695 -51.0246 -67.0025 15.9779
1696 -53.1603 -68.7883 15.628
1697 -53.5158 -68.6857 15.1699
1698 -52.103 -66.2723 14.1692
1699 -47.5989 -67.5141 19.9152
1700 -53.1034 -75.0705 21.9671
1701 -49.1331 -66.5255 17.3924
1702 -45.314 -65.6187 20.3047
1703 -51.1912 -69.5574 18.3662
1704 -47.0457 -69.1103 22.0646
1705 -47.6056 -68.8599 21.2543
1706 -47.8238 -65.5811 17.7573
1707 -50.1142 -65.062 14.9478
1708 -52.6937 -68.9822 16.2885
1709 -47.0285 -67.6633 20.6347
1710 -47.4213 -66.7207 19.2994
1711 -53.5696 -67.2565 13.6869
1712 -43.9603 -66.0036 22.0433
1713 -46.6552 -66.6069 19.9517
1714 -54.4791 -71.3008 16.8217
1715 -52.9603 -70.434 17.4737
1716 -52.864 -68.7149 15.8509
1717 -45.7156 -69.1174 23.4017
1718 -51.3238 -69.5162 18.1924
1719 -40.9431 -65.0011 24.0581
1720 -42.4466 -66.1669 23.7204
1721 -51.7379 -70.2177 18.4797
1722 -54.5085 -70.4855 15.977
1723 -42.0092 -66.1583 24.149
1724 -53.0401 -70.6846 17.6444
1725 -46.7945 -68.3999 21.6055
1726 -43.7733 -68.7294 24.9561
1727 -52.3097 -66.8163 14.5067
1728 -43.8572 -72.8506 28.9934
1729 -43.5203 -65.5991 22.0788
1730 -53.8536 -70.8212 16.9676
1731 -50.7296 -68.2466 17.517
1732 -51.6033 -66.1946 14.5914
1733 -56.5497 -77.3386 20.789
1734 -44.5494 -63.6804 19.131
1735 -50.5498 -68.0141 17.4642
1736 -40.9007 -65.9599 25.0591
1737 -48.6799 -66.5858 17.9059
1738 -50.3317 -66.8866 16.5549
1739 -47.7908 -62.9689 15.1781
1740 -45.4221 -69.0938 23.6717
1741 -55.3074 -71.1609 15.8535
1742 -51.9147 -70.9935 19.0788
1743 -47.1801 -70.9286 23.7485
1744 -52.0668 -72.6464 20.5796
1745 -49.2426 -67.5647 18.3221
1746 -41.9809 -64.6939 22.713
1747 -51.8979 -69.597 17.6991
1748 -46.2168 -68.1598 21.9429
1749 -47.3961 -66.0594 18.6633
1750 -48.2533 -66.4654 18.2121
1751 -49.7457 -64.5611 14.8154
1752 -45.2641 -70.9101 25.646
1753 -53.0788 -68.3575 15.2787
1754 -55.4443 -72.1252 16.6809
1755 -48.2084 -66.584 18.3756
1756 -46.6427 -65.1697 18.5271
1757 -46.4159 -67.5908 21.1749
1758 -50.359 -73.2929 22.9339
1759 -48.7518 -66.7398 17.988
1760 -39.4382 -59.3896 19.9515
1761 -47.0199 -68.2051 21.1852
1762 -55.7639 -74.2338 18.4699
1763 -51.4293 -72.8896 21.4603
1764 -48.3021 -69.0681 20.766
1765 -47.4686 -65.278 17.8094
1766 -52.1692 -71.8595 19.6903
1767 -44.7375 -61.9897 17.2521
1768 -46.0911 -70.8943 24.8032
1769 -50.0214 -70.7353 20.7139
1770 -51.4758 -67.0899 15.6141
1771 -46.9451 -66.7357 19.7906
1772 -51.2923 -65.0833 13.791
1773 -49.0881 -68.6415 19.5534
1774 -50.409 -65.9645 15.5555
1775 -43.0689 -64.4402 21.3713
1776 -50.9419 -68.0614 17.1194
1777 -48.8395 -69.206 20.3665
1778 -48.548 -69.6616 21.1136
1779 -55.0104 -73.7771 18.7667
1780 -54.6503 -71.9754 17.325
1781 -41.6254 -61.3501 19.7247
1782 -44.9199 -71.6589 26.739
1783 -47.5253 -69.1913 21.6661
1784 -46.3865 -66.7403 20.3538
1785 -39.7967 -66.306 26.5093
1786 -52.5321 -69.5787 17.0466
1787 -45.8023 -66.5037 20.7014
1788 -48.7261 -68.7529 20.0268
1789 -48.3093 -69.0532 20.7439
1790 -48.6431 -65.4043 16.7612
1791 -49.0457 -66.4153 17.3696
1792 -45.7322 -64.8436 19.1114
1793 -46.5429 -70.212 23.6691
1794 -46.1104 -68.0108 21.9004
1795 -43.8849 -68.6371 24.7522
1796 -52.6969 -73.2997 20.6028
1797 -48.1854 -63.4277 15.2423
1798 -53.9403 -70.2626 16.3224
1799 -47.4544 -66.4918 19.0374
1800 -47.1621 -70.977 23.8149
1801 -47.3881 -64.2797 16.8915
1802 -41.8139 -60.4465 18.6326
1803 -51.7331 -70.3719 18.6388
1804 -45.8567 -68.977 23.1203
1805 -48.2957 -71.2053 22.9096
1806 -45.7553 -66.7195 20.9642
1807 -41.6241 -62.7963 21.1722
1808 -41.8177 -67.1614 25.3437
1809 -49.2167 -67.0535 17.8368
1810 -48.8511 -63.138 14.2869
1811 -52.0841 -68.4835 16.3994
1812 -48.5874 -73.34 24.7527
1813 -52.9732 -76.0817 23.1084
1814 -42.2124 -70.2128 28.0005
1815 -57.1736 -70.7983 13.6247
1816 -52.5981 -68.048 15.4499
1817 -56.5002 -73.525 17.0248
1818 -54.0701 -76.5778 22.5077
1819 -54.3321 -68.3672 14.0351
1820 -56.4602 -68.444 11.9838
1821 -43.0496 -67.7809 24.7313
1822 -43.9264 -68.3198 24.3934
1823 -42.5275 -66.0052 23.4777
1824 -54.1184 -73.0601 18.9418
1825 -48.5681 -68.2234 19.6554
1826 -56.9384 -72.5614 15.623
1827 -50.597 -66.0285 15.4315
1828 -53.7031 -71.7317 18.0286
1829 -42.5622 -65.7788 23.2166
1830 -49.1779 -69.83 20.6521
1831 -46.2501 -70.6557 24.4055
1832 -49.4027 -67.1065 17.7037
1833 -51.1787 -67.0656 15.8869
1834 -54.0783 -72.5653 18.4869
1835 -55.9473 -71.3941 15.4469
1836 -53.7902 -73.7239 19.9337
1837 -52.9787 -69.5224 16.5438
1838 -49.215 -68.7315 19.5165
1839 -58.8557 -70.1341 11.2784
1840 -51.0016 -69.7373 18.7357
1841 -49.0887 -62.6084 13.5197
1842 -50.3111 -67.999 17.6879
1843 -50.7854 -69.5275 18.7422
1844 -47.0028 -63.0369 16.0341
1845 -44.8378 -66.4528 21.6151
1846 -47.0218 -68.0766 21.0548
1847 -44.5396 -66.5015 21.9619
1848 -47.3255 -67.1822 19.8568
1849 -50.9133 -69.2345 18.3211
1850 -46.6701 -70.381 23.7109
1851 -52.6064 -68.4618 15.8554
1852 -47.6436 -67.9642 20.3206
1853 -47.8867 -68.4171 20.5304
1854 -54.8714 -72.7167 17.8453
1855 -44.372 -63.1655 18.7935
1856 -44.934 -64.9804 20.0463
1857 -48.3387 -66.3949 18.0562
1858 -45.1896 -66.8126 21.6231
1859 -56.0024 -72.1215 16.1191
1860 -43.3083 -68.5034 25.1951
1861 -50.691 -71.6583 20.9672
1862 -43.1058 -64.892 21.7862
1863 -48.0223 -67.8562 19.834
1864 -51.9754 -72.5916 20.6162
1865 -51.4432 -69.2288 17.7855
1866 -54.5504 -71.299 16.7486
1867 -50 -72.4661 22.4661
1868 -47.5093 -67.4546 19.9453
1869 -52.209 -67.8548 15.6458
1870 -50.5494 -67.8653 17.3159
1871 -53.013 -69.4866 16.4735
1872 -48.9035 -65.6297 16.7262
1873 -45.4498 -66.8153 21.3655
1874 -48.8342 -69.8161 20.9819
1875 -53.2145 -68.3382 15.1237
1876 -50.5346 -66.7697 16.2351
1877 -43.7393 -67.1183 23.379
1878 -52.052 -73.4206 21.3686
1879 -51.0315 -65.0075 13.976
1880 -47.0151 -66.4381 19.4229
1881 -49.3686 -68.1035 18.7349
1882 -55.0362 -66.906 11.8698
1883 -51.4234 -74.9293 23.5059
1884 -53 -70.789 17.789
1885 -54.8309 -71.7364 16.9054
1886 -42.6176 -67.4025 24.7849
1887 -50.2826 -67.7958 17.5132
1888 -45.3482 -67.402 22.0539
1889 -51.8883 -67.3885 15.5002
1890 -61.1295 -75.0875 13.958
1891 -50.2101 -71.2495 21.0394
1892 -55.1317 -69.0597 13.928
1893 -52.2575 -68.7712 16.5138
1894 -57.0533 -73.3752 16.3219
1895 -37.9987 -63.2714 25.2727
1896 -44.5123 -70.8854 26.3732
1897 -54.0227 -70.7804 16.7577
1898 -48.1096 -69.967 21.8574
1899 -52.6553 -72.9525 20.2972
1900 -39.6207 -66.1534 26.5326
1901 -54.336 -67.884 13.5479
1902 -46.4489 -69.0743 22.6254
1903 -49.3646 -66.3716 17.0071
1904 -47.9103 -71.6718 23.7615
1905 -57.786 -69.9951 12.2091
1906 -39.8979 -67.3997 27.5019
1907 -50.5603 -68.5084 17.9481
1908 -51.2346 -69.7048 18.4702
1909 -44.7894 -65.9821 21.1928
1910 -48.2957 -66.1087 17.813
1911 -42.3608 -65.011 22.6502
1912 -47.8149 -70.4102 22.5953
1913 -44.4363 -66.8327 22.3965
1914 -44.1721 -67.7941 23.622
1915 -46.7895 -67.6285 20.839
1916 -47.3957 -69.2634 21.8677
1917 -50.0522 -66.1827 16.1305
1918 -43.215 -64.6704 21.4554
1919 -48.136 -64.4317 16.2957
1920 -50.9567 -71.9678 21.0111
1921 -58.1442 -72.607 14.4628
1922 -48.7602 -66.7982 18.0381
1923 -49.4233 -70.366 20.9427
1924 -58.3184 -69.319 11.0006
1925 -50.0961 -70.6579 20.5617
1926 -47.451 -66.0279 18.5769
1927 -46.2077 -69.0088 22.8012
1928 -51.4847 -67.4301 15.9454
1929 -43.8591 -69.2363 25.3772
1930 -42.0647 -66.6949 24.6301
1931 -40.1759 -66.7425 26.5666
1932 -51.7265 -71.5829 19.8564
1933 -43.1097 -65.1007 21.991
1934 -43.3924 -62.6727 19.2803
1935 -58.601 -71.7435 13.1424
1936 -57.2289 -72.1258 14.8969
1937 -45.1758 -69.5094 24.3336
1938 -45.1149 -65.8761 20.7611
1939 -43.1727 -65.2763 22.1036
1940 -50.486 -70.5187 20.0327
1941 -54.4267 -73.8438 19.4171
1942 -47.5348 -69.0456 21.5108
1943 -52.0178 -71.582 19.5643
1944 -47.5661 -65.765 18.1988
1945 -51.6746 -67.8504 16.1758
1946 -54.0114 -67.5613 13.5498
1947 -43.4035 -71.1011 27.6976
1948 -59.0415 -73.6227 14.5812
1949 -52.5644 -69.807 17.2426
1950 -51.8411 -71.3619 19.5208
1951 -48.6153 -69.18 20.5647
1952 -42.4493 -65.1122 22.6628
1953 -53.8564 -71.0444 17.188
1954 -53.2607 -71.8413 18.5806
1955 -50.7243 -70.3622 19.6379
1956 -46.0357 -68.4386 22.4029
1957 -49.5017 -68.7826 19.2809
1958 -43.7877 -66.2723 22.4846
1959 -45.4438 -67.5006 22.0568
1960 -48.7135 -68.5216 19.8081
1961 -43.6585 -68.5978 24.9393
1962 -46.0759 -66.7594 20.6835
1963 -51.7014 -71.0789 19.3774
1964 -55.7773 -68.2545 12.4772
1965 -52.5603 -70.1559 17.5955
1966 -43.1702 -67.7114 24.5413
1967 -52.9528 -70.5948 17.642
1968 -45.9832 -66.0666 20.0834
1969 -50.4287 -70.3512 19.9225
1970 -38.6884 -68.8122 30.1239
1971 -50.3242 -67.0053 16.6811
1972 -54.0931 -67.7919 13.6988
1973 -47.8926 -67.5892 19.6966
1974 -43.0169 -67.2089 24.192
1975 -49.9434 -69.3825 19.4391
1976 -47.494 -68.3272 20.8332
1977 -42.0294 -66.4621 24.4328
1978 -49.6496 -68.9949 19.3453
1979 -43.4771 -68.8273 25.3502
1980 -47.1445 -68.3852 21.2407
1981 -50.1172 -73.0704 22.9533
1982 -51.0192 -69.5753 18.556
1983 -45.8583 -66.009 20.1507
1984 -41.894 -61.8108 19.9168
1985 -54.8461 -70.0895 15.2434
1986 -55.1595 -72.946 17.7864
1987 -45.3264 -64.9984 19.6721
1988 -46.8089 -69.7649 22.956
1989 -59.9177 -75.0834 15.1657
1990 -47.7882 -70.7875 22.9993
1991 -46.0113 -67.7529 21.7417
1992 -48.9897 -69.7148 20.7251
1993 -48.4088 -66.8231 18.4143
1994 -48.5538 -68.364 19.8102
1995 -37.61 -65.6386 28.0286
1996 -45.989 -69.3028 23.3138
1997 -53.8695 -68.5604 14.6909
1998 -44.8333 -68.1806 23.3473
1999 -52.4658 -67.7954 15.3296
2000 -47.2513 -67.411 20.1597
2001 -43.5951 -67.6878 24.0926
2002 -46.5804 -65.7067 19.1263
2003 -39.3061 -67.1371 27.831
2004 -56.1448 -76.2614 20.1166
2005 -45.8747 -66.8412 20.9665
2006 -45.51 -67.5229 22.0129
2007 -49.7126 -68.6239 18.9113
2008 -41.6132 -66.4662 24.8529
2009 -49.3242 -68.3033 18.9792
2010 -55.9086 -70.3556 14.447
2011 -49.2569 -72.3364 23.0795
2012 -58.3857 -75.6579 17.2722
2013 -45.9047 -67.7968 21.8921
2014 -54.8374 -71.3879 16.5505
2015 -52.2971 -73.1778 20.8807
2016 -56.5793 -70.6636 14.0844
2017 -51.9856 -67.1648 15.1792
2018 -49.8595 -68.978 19.1184
2019 -54.0915 -68.1271 14.0356
2020 -51.1666 -68.2734 17.1068
2021 -49.8615 -66.4637 16.6022
2022 -44.9448 -66.9538 22.0089
2023 -47.3344 -66.818 19.4836
2024 -46.1594 -68.0386 21.8792
2025 -43.3073 -69.0837 25.7764
2026 -46.1974 -69.9358 23.7384
2027 -53.8617 -71.5799 17.7182
2028 -51.8524 -70.0698 18.2174
2029 -44.5988 -67.3939 22.7951
2030 -54.5689 -68.2473 13.6784
2031 -56.5933 -71.6667 15.0734
2032 -41.7583 -60.3353 18.577
2033 -54.7756 -71.7411 16.9655
2034 -47.3633 -66.431 19.0677
2035 -45.016 -67.0707 22.0547
2036 -52.9566 -69.8383 16.8817
2037 -45.3583 -61.1042 15.7459
2038 -51.2186 -71.6574 20.4388
2039 -56.1478 -74.7068 18.559
2040 -50.4691 -66.2108 15.7417
2041 -53.9867 -70.1341 16.1474
2042 -53.5679 -70.5942 17.0263
2043 -38.5995 -63.4851 24.8856
2044 -48.6951 -65.5829 16.8879
2045 -38.0042 -63.9133 25.9091
2046 -50.5014 -72.0316 21.5302
2047 -51.5605 -70.7324 19.1719
2048 -52.6205 -70.4262 17.8057
2049 -47.7091 -65.5985 17.8894
2050 -48.5154 -67.0531 18.5377
2051 -52.6132 -67.3488 14.7355
2052 -48.3013 -70.4995 22.1982
2053 -45.7666 -65.8805 20.114
2054 -49.574 -68.5283 18.9543
2055 -41.3143 -64.0756 22.7613
2056 -47.9276 -71.6343 23.7067
2057 -40.7835 -64.841 24.0576
2058 -48.0006 -66.4805 18.4799
2059 -48.3355 -69.6249 21.2894
2060 -46.9127 -69.0554 22.1426
2061 -47.8827 -68.3602 20.4775
2062 -44.485 -66.7989 22.3139
2063 -47.1012 -67.3935 20.2923
2064 -50.8465 -63.5764 12.7299
2065 -43.3529 -63.5201 20.1672
2066 -45.4424 -69.4476 24.0052
2067 -48.4333 -70.011 21.5777
2068 -46.1989 -68.2906 22.0917
2069 -46.9404 -67.7393 20.7989
2070 -46.8173 -65.0812 18.264
2071 -52.9233 -69.0404 16.1171
2072 -58.2299 -67.5959 9.366
2073 -51.3452 -66.6856 15.3403
2074 -45.2031 -64.3243 19.1212
2075 -39.8903 -66.6945 26.8042
2076 -40.1255 -65.824 25.6985
2077 -42.9371 -67.7109 24.7738
2078 -49 -68.0698 19.0699
2079 -50.2992 -68.8976 18.5983
2080 -52.5472 -69.7739 17.2267
2081 -43.7379 -64.6712 20.9333
2082 -44.4305 -63.5991 19.1686
2083 -49.3934 -66.4955 17.102
2084 -41.8456 -60.5518 18.7062
2085 -48.1431 -66.8892 18.7461
2086 -56.7465 -73.4549 16.7084
2087 -41.1049 -67.6779 26.573
2088 -48.629 -69.9888 21.3597
2089 -52.9147 -65.9201 13.0053
2090 -53.3182 -72.5537 19.2356
2091 -53.404 -68.5685 15.1645
2092 -51.2626 -73.7503 22.4877
2093 -47.5627 -67.5322 19.9695
2094 -48.2106 -69.5781 21.3674
2095 -58.9237 -73.2159 14.2922
2096 -45.6166 -67.2934 21.6768
2097 -38.2717 -65.5506 27.279
2098 -48.0811 -71.6029 23.5218
2099 -48.1962 -64.2535 16.0573
2100 -43.3951 -64.6922 21.2971
2101 -53.5827 -69.9236 16.3409
2102 -44.2342 -63.3285 19.0943
2103 -54.1557 -71.3659 17.2102
2104 -48.5394 -67.5434 19.004
2105 -47.1169 -70.9637 23.8468
2106 -48.6765 -64.8588 16.1823
2107 -50.8538 -62.9421 12.0883
2108 -43.2818 -67.5697 24.2879
2109 -47.9444 -64.2701 16.3257
2110 -54.0008 -72.9508 18.95
2111 -50.8703 -66.4771 15.6069
2112 -48.8429 -70.7855 21.9427
2113 -49.0066 -65.8031 16.7965
2114 -43.7211 -66.2964 22.5753
2115 -47.5853 -63.6746 16.0893
2116 -39.818 -66.1435 26.3254
2117 -47.1849 -67.4099 20.225
2118 -51.6811 -71.6493 19.9682
2119 -47.479 -65.0446 17.5656
2120 -55.0596 -68.1323 13.0727
2121 -45.5117 -64.3677 18.856
2122 -52.4897 -69.4314 16.9417
2123 -48.6074 -64.8848 16.2775
2124 -51.57 -71.891 20.321
2125 -55.6745 -73.0601 17.3856
2126 -50.9491 -67.7088 16.7597
2127 -45.9677 -66.2014 20.2336
2128 -56.391 -72.5378 16.1469
2129 -45.9583 -71.129 25.1707
2130 -51.1779 -70.982 19.8041
2131 -47.3868 -66.1924 18.8056
2132 -54.2723 -67.5876 13.3153
2133 -44.7086 -67.5045 22.7959
2134 -45.0704 -68.2024 23.132
2135 -54.0169 -71.1391 17.1223
2136 -41.5367 -60.5693 19.0326
2137 -53.7403 -66.4606 12.7203
2138 -51.9638 -68.9522 16.9884
2139 -53.0518 -67.2391 14.1873
2140 -46.8389 -67.5019 20.6629
2141 -42.1428 -69.2902 27.1474
2142 -52.5148 -72.8391 20.3244
2143 -47.9883 -69.8114 21.8231
2144 -43.8429 -65.9442 22.1013
2145 -42.0718 -70.3404 28.2685
2146 -50.1246 -69.3275 19.2029
2147 -50.6776 -66.9456 16.268
2148 -41.9482 -67.7421 25.7938
2149 -41.3101 -68.3007 26.9906
2150 -50.0013 -67.9356 17.9343
2151 -42.3803 -68.1795 25.7993
2152 -43.8087 -69.1436 25.3349
2153 -49.5394 -71.9926 22.4532
2154 -49.8099 -69.9489 20.139
2155 -41.0632 -60.359 19.2957
2156 -43.9448 -71.0511 27.1063
2157 -41.6189 -64.9094 23.2905
2158 -54.8562 -67.9945 13.1383
2159 -48.8487 -65.7433 16.8946
2160 -49.4283 -69.782 20.3537
2161 -55.0877 -71.4309 16.3431
2162 -52.7584 -71.8643 19.1059
2163 -54.0975 -71.4205 17.323
2164 -53.1731 -71.141 17.9679
2165 -55.2781 -71.8227 16.5446
2166 -44.8124 -65.3668 20.5544
2167 -47.4514 -66.6973 19.2459
2168 -51.2064 -72.0584 20.8519
2169 -44.7329 -69.0893 24.3563
2170 -47.0557 -67.0395 19.9838
2171 -46.2544 -69.2564 23.002
2172 -42.3832 -65.5729 23.1897
2173 -62.2946 -71.665 9.37042
2174 -40.8345 -63.5195 22.685
2175 -47.7625 -63.045 15.2825
2176 -43.5247 -65.5767 22.052
2177 -49.4573 -66.8415 17.3842
2178 -47.4015 -64.446 17.0445
2179 -54.7991 -71.2766 16.4775
2180 -47.6923 -68.5372 20.8448
2181 -51.3646 -67.0821 15.7175
2182 -47.8721 -70.0254 22.1533
2183 -47.652 -67.0597 19.4077
2184 -48.243 -70.9732 22.7303
2185 -48.5834 -66.9309 18.3475
2186 -49.6387 -71.9501 22.3113
2187 -57.2302 -71.195 13.9648
2188 -53.668 -68.4233 14.7553
2189 -49.2798 -63.7346 14.4548
2190 -48.484 -71.904 23.42
2191 -49.7103 -67.1353 17.4249
2192 -41.618 -64.1941 22.5761
2193 -40.8014 -65.5316 24.7302
2194 -47.7082 -68.0331 20.3249
2195 -49.4804 -71.9269 22.4466
2196 -45.418 -64.4011 18.9832
2197 -52.7651 -67.6767 14.9116
2198 -51.756 -71.8848 20.1288
2199 -55.7401 -74.0287 18.2886
2200 -49.7806 -68.1645 18.3839
2201 -44.4434 -64.1906 19.7472
2202 -42.6798 -65.5131 22.8332
2203 -53.895 -71.8742 17.9792
2204 -49.3533 -69.2713 19.918
2205 -43.4243 -70.7546 27.3303
2206 -53.2518 -70.1731 16.9212
2207 -45.8804 -64.8965 19.0161
2208 -50.961 -70.2531 19.2921
2209 -42.7531 -65.5202 22.7672
2210 -44.9866 -66.3064 21.3198
2211 -43.728 -67.139 23.411
2212 -42.1759 -67.6398 25.4638
2213 -56.6059 -73.1102 16.5043
2214 -53.7825 -68.117 14.3345
2215 -47.6384 -67.1998 19.5613
2216 -46.5937 -65.9244 19.3307
2217 -44.9308 -66.5448 21.614
2218 -46.0753 -66.9417 20.8664
2219 -52.7779 -70.4493 17.6714
2220 -43.5273 -62.8002 19.2729
2221 -48.6489 -69.5642 20.9153
2222 -48.1144 -69.532 21.4175
2223 -42.0229 -64.364 22.3411
2224 -54.1894 -74.8379 20.6485
2225 -47.7071 -61.9539 14.2468
2226 -48.6512 -66.3975 17.7463
2227 -45.0901 -70.2623 25.1722
2228 -51.5807 -68.2814 16.7006
2229 -63.3406 -76.2458 12.9052
2230 -40.4059 -63.5993 23.1934
2231 -48.1104 -66.744 18.6336
2232 -45.0435 -63.5625 18.5191
2233 -44.3106 -62.6873 18.3766
2234 -46.3142 -68.4346 22.1204
2235 -49.6275 -64.5772 14.9497
2236 -47.6053 -64.0455 16.4403
2237 -46.8687 -65.4794 18.6107
2238 -47.4813 -71.2068 23.7255
2239 -50.5593 -68.7822 18.223
2240 -38.09 -62.4739 24.384
2241 -61.8972 -71.3563 9.4591
2242 -45.121 -66.1932 21.0722
2243 -47.9161 -70.5816 22.6655
2244 -44.403 -68.2777 23.8747
2245 -48.6152 -65.6859 17.0707
2246 -50.2825 -68.6621 18.3796
2247 -58.917 -70.4415 11.5245
2248 -46.8275 -64.5055 17.678
2249 -48.1336 -69.437 21.3035
2250 -50.8254 -70.8871 20.0617
2251 -43.6486 -64.7973 21.1487
2252 -42.609 -64.8778 22.2688
2253 -44.2921 -67.6585 23.3664
2254 -47.6455 -67.7593 20.1139
2255 -53.5641 -68.2987 14.7346
2256 -43.3834 -67.7471 24.3637
2257 -49.089 -70.5809 21.4918
2258 -51.9479 -67.2313 15.2834
2259 -62.3644 -72.087 9.72257
2260 -48.8879 -68.3325 19.4446
2261 -54.7774 -67.3383 12.5609
2262 -54.1206 -66.8636 12.7429
2263 -51.7783 -73.5441 21.7658
2264 -50.0915 -71.6543 21.5628
2265 -52.8665 -67.5218 14.6553
2266 -52.4828 -68.59 16.1072
2267 -47.9305 -65.8812 17.9507
2268 -54.2167 -75.6972 21.4804
2269 -56.9427 -71.3402 14.3974
2270 -52.7091 -67.1517 14.4426
2271 -40.579 -63.6074 23.0284
2272 -51.1799 -69.9222 18.7423
2273 -56.6381 -74.4978 17.8597
2274 -48.9936 -70.1158 21.1222
2275 -47.2545 -68.7047 21.4502
2276 -49.1737 -67.5754 18.4017
2277 -47.8438 -70.6608 22.817
2278 -54.5664 -70.6497 16.0833
2279 -50.6226 -70.1181 19.4955
2280 -41.7281 -65.757 24.029
2281 -43.2641 -72.3682 29.1041
2282 -48.8152 -70.4693 21.6541
2283 -45.4758 -62.5383 17.0625
2284 -52.3215 -71.6824 19.3609
2285 -51.4917 -69.8661 18.3744
2286 -42.4371 -60.1792 17.7422
2287 -42.4593 -67.0196 24.5603
2288 -54.3147 -75.6203 21.3056
2289 -47.3957 -69.8818 22.4861
2290 -42.6153 -66.6947 24.0793
2291 -52.078 -65.5999 13.5218
2292 -49.3639 -67.0748 17.7109
2293 -56.5329 -70.8402 14.3073
2294 -52.5109 -70.3232 17.8122
2295 -46.2394 -67.7434 21.504
2296 -49.911 -71.4216 21.5106
2297 -43.0647 -70.8826 27.8179
2298 -44.984 -66.3342 21.3501
2299 -45.1252 -65.7475 20.6224
2300 -49.8078 -68.5296 18.7218
2301 -43.395 -70.1649 26.7699
2302 -53.1798 -72.2838 19.104
2303 -51.9056 -67.8377 15.9321
2304 -49.7681 -67.1072 17.3391
2305 -51.2381 -70.0915 18.8535
2306 -43.0467 -67.7747 24.728
2307 -50.2921 -67.1117 16.8196
2308 -52.5809 -67.5422 14.9614
2309 -51.9529 -71.6192 19.6663
2310 -45.3862 -68.8263 23.4401
2311 -55.5632 -67.9669 12.4037
2312 -47.0574 -66.1725 19.1151
2313 -47.8255 -67.136 19.3106
2314 -44.3288 -69.3823 25.0535
2315 -52.9037 -69.7526 16.8489
2316 -48.8914 -63.4758 14.5844
2317 -50.2584 -68.1384 17.88
2318 -51.99 -71.3192 19.3291
2319 -53.7733 -71.2227 17.4495
2320 -48.4048 -71.0298 22.625
2321 -53.6033 -67.4368 13.8336
2322 -46.3001 -67.1536 20.8535
2323 -42.8806 -66.2748 23.3942
2324 -51.3708 -71.9816 20.6108
2325 -50.2844 -70.0637 19.7793
2326 -53.8676 -69.333 15.4654
2327 -46.2329 -66.6583 20.4254
2328 -50.7945 -66.0536 15.2591
2329 -49.0206 -71.7375 22.7169
2330 -41.6981 -70.0751 28.377
2331 -47.5721 -64.278 16.7059
2332 -47.5512 -67.5678 20.0166
2333 -49.8373 -71.3694 21.5321
2334 -47.5181 -64.4654 16.9472
2335 -47.1398 -68.4967 21.3569
2336 -51.1426 -70.3118 19.1692
2337 -50.15 -68.8205 18.6705
2338 -52.2187 -72.9867 20.768
2339 -47.0185 -70.164 23.1455
2340 -44.8595 -66.8589 21.9994
2341 -43.2113 -66.4917 23.2804
2342 -51.0523 -68.1906 17.1382
2343 -49.6077 -70.6074 20.9997
2344 -44.8097 -63.3077 18.498
2345 -54.5411 -68.8997 14.3586
2346 -48.4471 -67.2626 18.8155
2347 -58.6997 -70.7978 12.0981
2348 -51.5406 -68.6523 17.1117
2349 -38.338 -67.1808 28.8428
2350 -47.1364 -66.2812 19.1448
2351 -44.1878 -68.7119 24.5241
2352 -59.8962 -72.8424 12.9462
2353 -60.6592 -79.0921 18.4328
2354 -49.4265 -68.4444 19.0179
2355 -50.1614 -71.884 21.7226
2356 -47.681 -69.2822 21.6011
2357 -45.4728 -66.3138 20.841
2358 -45.429 -66.3146 20.8856
2359 -49.1195 -67.3771 18.2575
2360 -43.7151 -62.9257 19.2106
2361 -53.577 -72.7889 19.2119
2362 -49.252 -71.0617 21.8097
2363 -49.9929 -68.8408 18.8479
2364 -41.3686 -66.4026 25.034
2365 -55.4059 -75.0296 19.6237
2366 -36.7616 -65.273 28.5115
2367 -49.4794 -65.4063 15.9269
2368 -54.4214 -70.6845 16.2632
2369 -48.7752 -66.7665 17.9914
2370 -44.6878 -67.4153 22.7275
2371 -53.6321 -68.785 15.1529
2372 -50.9327 -72.3478 21.415
2373 -59.4749 -73.0658 13.591
2374 -58.7447 -75.295 16.5502
2375 -52.0929 -70.0772 17.9844
2376 -53.7963 -71.5608 17.7645
2377 -49.3309 -65.8878 16.5569
2378 -49.4958 -70.0705 20.5747
2379 -44.9401 -66.1086 21.1685
2380 -48.1034 -69.3511 21.2477
2381 -56.3033 -72.1476 15.8443
2382 -44.3084 -63.6199 19.3115
2383 -55.2354 -70.8978 15.6624
2384 -46.5053 -69.3991 22.8938
2385 -39.634 -67.817 28.1831
2386 -50.4175 -70.5346 20.117
2387 -50.1241 -67.6992 17.575
2388 -51.7524 -71.0444 19.292
2389 -46.9135 -66.0442 19.1308
2390 -39.886 -60.3649 20.4789
2391 -46.6783 -64.7792 18.1009
2392 -50.5553 -66.5509 15.9955
2393 -48.4377 -68.7124 20.2747
2394 -46.5485 -68.8019 22.2534
2395 -46.5828 -73.354 26.7712
2396 -52.9522 -72.0374 19.0853
2397 -44.4193 -69.6358 25.2166
2398 -47.5624 -66.269 18.7066
2399 -52.7803 -72.2895 19.5092
2400 -51.6308 -69.4884 17.8576
2401 -49.5401 -67.98 18.4399
2402 -52.8094 -68.552 15.7426
2403 -45.8338 -66.0681 20.2343
2404 -57.3102 -72.3231 15.0129
2405 -54.3156 -68.1511 13.8355
2406 -53.7247 -68.8454 15.1207
2407 -53.3466 -71.0699 17.7233
2408 -50.9594 -70.2347 19.2753
2409 -47.1776 -71.6202 24.4426
2410 -49.4741 -68.0794 18.6053
2411 -50.9269 -70.8471 19.9202
2412 -38.999 -71.243 32.244
2413 -42.8746 -62.1414 19.2668
2414 -48.3956 -73.9612 25.5656
2415 -55.36 -68.4895 13.1294
2416 -52.7431 -71.3922 18.6491
2417 -50.6059 -70.2832 19.6773
2418 -42.387 -62.1694 19.7824
2419 -48.5558 -68.3873 19.8315
2420 -49.6455 -64.4517 14.8062
2421 -44.8625 -68.4506 23.5881
2422 -58.0205 -71.8531 13.8326
2423 -57.6917 -72.3944 14.7028
2424 -54.8704 -69.4351 14.5646
2425 -52.1386 -71.116 18.9774
2426 -47.5051 -65.9477 18.4426
2427 -41.568 -61.855 20.2869
2428 -50.9856 -70.2439 19.2583
2429 -47.7704 -69.428 21.6576
2430 -57.2519 -70.7927 13.5408
2431 -49.045 -65.993 16.948
2432 -49.3218 -69.7582 20.4364
2433 -54.5134 -71.619 17.1056
2434 -46.6432 -71.5255 24.8823
2435 -49.2914 -65.2739 15.9825
2436 -45.4085 -70.9419 25.5334
2437 -56.2229 -68.0923 11.8694
2438 -46.9754 -65.174 18.1986
2439 -47.8236 -67.2741 19.4504
2440 -52.0722 -68.4596 16.3874
2441 -49.3757 -68.0548 18.6791
2442 -43.5289 -67.1814 23.6525
2443 -47.3679 -65.1998 17.8319
2444 -46.5347 -64.9236 18.3888
2445 -48.0037 -66.18 18.1763
2446 -49.4247 -65.8999 16.4751
2447 -53.1771 -70.1818 17.0047
2448 -47.5808 -64.4855 16.9047
2449 -45.486 -64.2541 18.7681
2450 -43.5143 -67.7078 24.1935
2451 -43.8605 -73.0094 29.1489
2452 -50.9746 -71.7851 20.8105
2453 -42.067 -62.8596 20.7925
2454 -48.8114 -68.2273 19.4159
2455 -51.2165 -65.8702 14.6537
2456 -55.3878 -67.1524 11.7647
2457 -45.6536 -67.5609 21.9073
2458 -53.5789 -73.057 19.4781
2459 -63.5782 -71.7541 8.1759
2460 -55.274 -72.0785 16.8045
2461 -49.9773 -71.5013 21.524
2462 -39.5904 -66.0537 26.4633
2463 -47.6522 -70.2843 22.6321
2464 -52.3718 -69.1573 16.7855
2465 -44.8764 -64.6537 19.7773
2466 -51.1238 -71.1135 19.9898
2467 -34.2058 -65.724 31.5182
2468 -46.5478 -64.5743 18.0266
2469 -50.7431 -70.9175 20.1744
2470 -40.367 -63.2043 22.8373
2471 -53.0455 -70.2772 17.2317
2472 -42.9353 -66.5045 23.5691
2473 -49.8355 -68.291 18.4555
2474 -52.181 -68.1094 15.9284
2475 -51.1195 -69.2277 18.1081
2476 -46.2696 -61.2571 14.9875
2477 -55.8828 -70.8026 14.9198
2478 -42.4038 -64.3858 21.982
2479 -49.9826 -70.4466 20.464
2480 -47.1627 -65.5183 18.3556
2481 -49.1212 -69.8469 20.7256
2482 -52.3649 -68.0215 15.6566
2483 -47.8191 -69.7022 21.8832
2484 -51.9432 -65.7033 13.7601
2485 -40.6089 -65.662 25.0531
2486 -42.9762 -70.3536 27.3774
2487 -52.9677 -69.646 16.6784
2488 -45.3226 -68.3085 22.9859
2489 -44.3782 -68.8457 24.4675
2490 -51.5246 -66.082 14.5574
2491 -49.4099 -68.9901 19.5802
2492 -45.6318 -68.234 22.6022
2493 -52.5255 -68.1968 15.6713
2494 -47.7315 -69.9295 22.1981
2495 -50.9179 -68.8952 17.9773
2496 -48.3568 -63.458 15.1012
2497 -49.789 -72.5262 22.7372
2498 -52.9319 -67.4396 14.5077
2499 -55.6921 -71.6946 16.0025
2500 -45.9557 -66.9163 20.9606
2501 -53.5192 -70.415 16.8958
2502 -45.3789 -62.4609 17.0819
2503 -46.17 -67.2975 21.1276
2504 -46.0747 -64.1716 18.0968
2505 -41.925 -63.9335 22.0085
2506 -43.9861 -66.8879 22.9018
2507 -49.835 -70.4026 20.5675
2508 -46.3397 -66.2888 19.9491
2509 -51.4329 -66.3298 14.8969
2510 -39.1202 -67.6529 28.5327
2511 -52.2298 -68.9699 16.7401
2512 -48.1496 -70.8296 22.6799
2513 -47.548 -68.2396 20.6916
2514 -53.5825 -73.0707 19.4882
2515 -56.8009 -72.4996 15.6987
2516 -44.0941 -70.4166 26.3225
2517 -48.4923 -65.0566 16.5643
2518 -57.1949 -70.8423 13.6474
2519 -55.1269 -69.8419 14.715
2520 -51.6411 -66.9162 15.2751
2521 -45.8402 -69.4527 23.6125
2522 -42.2111 -59.7686 17.5575
2523 -50.6803 -70.2743 19.594
2524 -51.8231 -71.1283 19.3051
2525 -57.2713 -68.0555 10.7842
2526 -44.2309 -64.5868 20.3559
2527 -46.1979 -68.4301 22.2323
2528 -57.2341 -77.2153 19.9811
2529 -46.9966 -69.1848 22.1882
2530 -54.9573 -70.7103 15.753
2531 -51.8604 -71.3812 19.5208
2532 -48.3333 -65.8749 17.5415
2533 -49.0777 -70.8204 21.7427
2534 -49.2327 -65.9427 16.7099
2535 -48.4814 -70.7901 22.3087
2536 -50.1986 -68.3494 18.1508
2537 -47.8363 -64.5073 16.671
2538 -53.4628 -70.9603 17.4975
2539 -46.0315 -64.8805 18.849
2540 -55.0775 -70.6108 15.5334
2541 -56.5783 -70.6699 14.0916
2542 -57.1952 -76.2448 19.0495
2543 -56.3723 -75.5123 19.14
2544 -53.0924 -72.3564 19.264
2545 -45.9576 -66.6427 20.685
2546 -44.2163 -62.8885 18.6722
2547 -44.8102 -69.3642 24.554
2548 -47.6942 -68.1336 20.4394
2549 -51.3641 -73.3504 21.9862
2550 -37.5004 -62.632 25.1316
2551 -39.4075 -62.9284 23.5209
2552 -45.9 -65.1166 19.2166
2553 -47.1952 -66.3471 19.1518
2554 -54.363 -68.4699 14.1069
2555 -50.1436 -75.215 25.0714
2556 -48.311 -65.9715 17.6604
2557 -44.6032 -67.1101 22.5068
2558 -53.0374 -71.6691 18.6317
2559 -60.6864 -73.9005 13.214
2560 -46.3395 -69.4169 23.0775
2561 -44.009 -69.955 25.946
2562 -54.7121 -72.9126 18.2004
2563 -53.8264 -68.3285 14.5021
2564 -45.2838 -64.9011 19.6174
2565 -55.3607 -73.0571 17.6964
2566 -42.6836 -66.6016 23.918
2567 -48.5773 -66.9874 18.4101
2568 -52.1087 -69.3269 17.2183
2569 -36.7825 -65.7361 28.9536
2570 -52.8801 -69.5125 16.6324
2571 -50.8208 -67.4904 16.6696
2572 -40.151 -62.0175 21.8664
2573 -54.7248 -68.7351 14.0103
2574 -49.4122 -68.4958 19.0835
2575 -47.8648 -68.4068 20.5421
2576 -46.4358 -68.0855 21.6497
2577 -54.2374 -70.6309 16.3935
2578 -49.0997 -67.2671 18.1674
2579 -52.5175 -71.5365 19.0189
2580 -47.5975 -67.7567 20.1592
2581 -44.5349 -66.5638 22.0288
2582 -47.769 -63.9419 16.1728
2583 -53.0704 -71.005 17.9345
2584 -50.322 -69.5852 19.2632
2585 -52.5951 -69.2216 16.6265
2586 -49.2645 -71.1838 21.9193
2587 -50.4501 -69.894 19.4439
2588 -40.8634 -66.6361 25.7727
2589 -50.1552 -67.1326 16.9774
2590 -50.4613 -70.7526 20.2912
2591 -48.8705 -65.7819 16.9114
2592 -43.7398 -64.7644 21.0246
2593 -45.9918 -69.4281 23.4363
2594 -51.2584 -70.0802 18.8218
2595 -47.3926 -67.5717 20.1791
2596 -48.3103 -69.2701 20.9598
2597 -46.3778 -65.5779 19.2001
2598 -50.8541 -71.3811 20.527
2599 -43.9524 -67.1221 23.1698
2600 -48.7939 -67.3245 18.5305
2601 -59.1606 -73.0486 13.888
2602 -44.8 -66.3924 21.5925
2603 -44.8251 -69.8693 25.0441
2604 -46.703 -63.6691 16.9661
2605 -47.2011 -68.8772 21.6761
2606 -40.4615 -65.6349 25.1734
2607 -50.9637 -68.3109 17.3471
2608 -46.01 -68.0653 22.0553
2609 -41.4851 -67.1837 25.6987
2610 -44.8878 -67.8026 22.9148
2611 -49.7192 -67.5619 17.8427
2612 -44.7378 -66.1873 21.4495
2613 -55.9952 -67.4817 11.4865
2614 -52.9276 -68.0744 15.1468
2615 -47.5308 -69.0047 21.4739
2616 -49.383 -67.5616 18.1785
2617 -43.3798 -69.9849 26.605
2618 -39.3599 -62.7807 23.4208
2619 -48.9036 -68.0121 19.1085
2620 -45.6668 -63.4709 17.8042
2621 -47.101 -67.0671 19.9661
2622 -51.4305 -68.8885 17.458
2623 -45.4658 -69.6457 24.1799
2624 -44.5814 -66.7621 22.1807
2625 -52.7502 -70.5636 17.8135
2626 -41.077 -65.8046 24.7276
2627 -50.4406 -67.033 16.5925
2628 -47.5509 -67.3666 19.8157
2629 -46.7597 -65.4377 18.6779
2630 -56.2232 -74.3131 18.0899
2631 -42.0019 -69.0677 27.0658
2632 -42.6381 -67.8273 25.1892
2633 -46.7254 -67.0021 20.2767
2634 -48.9962 -65.3498 16.3536
2635 -44.6349 -64.6707 20.0358
2636 -50.6232 -69.717 19.0937
2637 -52.3491 -73.8963 21.5472
2638 -55.8538 -69.8967 14.0429
2639 -54.6061 -70.3571 15.751
2640 -41.7722 -65.441 23.6688
2641 -42.1412 -63.6066 21.4654
2642 -47.2157 -69.9333 22.7176
2643 -49.7553 -67.3724 17.617
2644 -50.2266 -66.7673 16.5407
2645 -49.5512 -66.3866 16.8354
2646 -49.9915 -65.6433 15.6517
2647 -53.6563 -68.495 14.8387
2648 -42.3276 -68.8525 26.5248
2649 -59.5322 -72.2243 12.6921
2650 -42.8939 -64.1278 21.2339
2651 -43.7993 -72.5121 28.7129
2652 -52.7999 -70.3083 17.5084
2653 -53.6937 -72.0247 18.331
2654 -49.7814 -68.7451 18.9637
2655 -47.8007 -70.3942 22.5935
2656 -46.4696 -64.8633 18.3937
2657 -57.657 -69.1633 11.5062
2658 -43.0613 -64.7849 21.7235
2659 -47.3129 -68.0366 20.7237
2660 -48.2772 -69.7016 21.4244
2661 -58.9387 -71.7919 12.8532
2662 -51.0322 -69.8965 18.8643
2663 -51.6243 -72.4681 20.8438
2664 -45.3597 -66.3477 20.988
2665 -50.6125 -65.9253 15.3128
2666 -44.452 -66.4308 21.9788
2667 -46.1342 -63.8868 17.7526
2668 -40.7296 -63.8476 23.118
2669 -59.7163 -72.7183 13.002
2670 -46.3856 -71.8415 25.4559
2671 -46.9729 -67.8402 20.8673
2672 -45.9051 -65.7458 19.8408
2673 -48.9981 -69.0673 20.0693
2674 -53.2381 -69.5888 16.3507
2675 -42.8276 -70.9265 28.0989
2676 -45.021 -67.5921 22.571
2677 -45.3266 -63.5063 18.1797
2678 -55.9051 -70.6221 14.717
2679 -43.3523 -67.3374 23.9851
2680 -43.385 -63.7866 20.4017
2681 -44.4224 -64.2243 19.8019
2682 -48.8459 -65.2771 16.4312
2683 -47.6211 -69.3891 21.768
2684 -47.2787 -71.5126 24.2339
2685 -49.4729 -68.8074 19.3345
2686 -42.0519 -63.5661 21.5141
2687 -48.7916 -68.5899 19.7983
2688 -52.4576 -66.4036 13.9459
2689 -51.535 -69.7598 18.2248
2690 -42.0957 -65.2672 23.1715
2691 -56.4352 -69.9925 13.5573
2692 -53.2663 -72.9702 19.7038
2693 -38.2245 -68.5639 30.3394
2694 -48.9343 -65.9259 16.9916
2695 -39.9315 -63.0667 23.1352
2696 -45.5356 -66.2292 20.6936
2697 -38.4831 -63.9634 25.4803
2698 -43.7502 -65.0089 21.2586
2699 -48.8971 -69.4738 20.5767
2700 -58.2105 -68.309 10.0985
2701 -49.3866 -67.6885 18.302
2702 -51.9664 -68.3342 16.3678
2703 -49.7277 -75.3693 25.6416
2704 -44.1466 -66.7108 22.5642
2705 -49.3301 -69.1239 19.7939
2706 -41.832 -67.2397 25.4077
2707 -48.537 -67.7602 19.2232
2708 -51.3109 -69.4143 18.1034
2709 -46.9852 -69.1749 22.1897
2710 -45.2915 -61.7623 16.4708
2711 -51.5257 -70.8426 19.3169
2712 -51.5924 -71.347 19.7546
2713 -48.5871 -67.5896 19.0025
2714 -49.5784 -68.1391 18.5607
2715 -37.1555 -58.3835 21.228
2716 -45.4639 -63.3775 17.9135
2717 -51.8799 -70.7943 18.9144
2718 -48.5648 -68.1886 19.6238
2719 -44.6559 -66.1195 21.4636
2720 -48.4591 -70.8954 22.4363
2721 -56.1543 -71.6328 15.4785
2722 -47.8104 -70.8376 23.0272
2723 -46.7646 -66.3057 19.541
2724 -39.4274 -64.2209 24.7935
2725 -49.6588 -68.853 19.1942
2726 -51.8648 -67.4617 15.5969
2727 -38.9791 -64.6056 25.6265
2728 -46.8238 -68.4829 21.6591
2729 -57.5651 -73.9605 16.3954
2730 -44.9411 -66.4921 21.551
2731 -57.0601 -71.8964 14.8363
2732 -50.8384 -69.6308 18.7924
2733 -45.8637 -64.4523 18.5886
2734 -51.3185 -72.0064 20.688
2735 -47.7971 -68.5407 20.7435
2736 -47.5666 -66.7057 19.1391
2737 -53.2679 -66.1745 12.9066
2738 -59.0739 -72.8712 13.7973
2739 -51.6947 -70.1912 18.4964
2740 -50.255 -70.5613 20.3063
2741 -48.3659 -68.2634 19.8975
2742 -48.2893 -64.6624 16.3731
2743 -41.8684 -68.1468 26.2783
2744 -49.5079 -72.3607 22.8528
2745 -49.0033 -63.0537 14.0504
2746 -48.5063 -66.9676 18.4613
2747 -49.5388 -67.2226 17.6838
2748 -52.6246 -68.5292 15.9046
2749 -49.9166 -68.6812 18.7646
2750 -50.3292 -70.5011 20.1719
2751 -50.5687 -68.6386 18.0698
2752 -50.4978 -67.2078 16.71
2753 -43.0527 -65.9412 22.8885
2754 -58.2807 -74.4101 16.1294
2755 -50.4417 -66.7298 16.2881
2756 -55.4182 -67.9944 12.5763
2757 -50.1243 -68.0891 17.9648
2758 -40.8774 -67.3156 26.4382
2759 -46.5855 -67.9839 21.3984
2760 -56.4828 -72.3775 15.8948
2761 -39.4583 -62.6432 23.1849
2762 -49.36 -66.8448 17.4848
2763 -57.071 -74.3038 17.2328
2764 -47.2015 -69.404 22.2026
2765 -49.6544 -67.387 17.7325
2766 -48.717 -70.8378 22.1208
2767 -45.6045 -67.2694 21.665
2768 -51.9393 -68.1044 16.1651
2769 -46.833 -66.1688 19.3359
2770 -56.5331 -73.9514 17.4184
2771 -49.4976 -70.5011 21.0036
2772 -50.9445 -66.4181 15.4736
2773 -51.8652 -65.4281 13.5629
2774 -50.9963 -72.4757 21.4794
2775 -48.7402 -71.1422 22.402
2776 -45.473 -64.5329 19.0599
2777 -49.8022 -67.1919 17.3897
2778 -44.6463 -66.9864 22.3401
2779 -50.5823 -65.1014 14.5191
2780 -47.264 -66.5915 19.3275
2781 -37.98 -66.335 28.355
2782 -48.7998 -66.2041 17.4043
2783 -43.6443 -64.5035 20.8592
2784 -43.1758 -65.4754 22.2996
2785 -54.1406 -72.9584 18.8177
2786 -42.9896 -66.1913 23.2017
2787 -51.8661 -70.4562 18.5901
2788 -48.8141 -66.9723 18.1582
2789 -42.727 -67.111 24.3839
2790 -52.5148 -68.6308 16.1159
2791 -50.3526 -66.4129 16.0603
2792 -50.935 -66.1917 15.2567
2793 -49.0596 -67.005 17.9454
2794 -40.1127 -63.4131 23.3004
2795 -59.6925 -71.3757 11.6832
2796 -45.4444 -70.54 25.0956
2797 -48.3938 -66.5652 18.1714
2798 -45.8897 -70.2641 24.3744
2799 -47.368 -67.949 20.5811
2800 -56.5185 -71.7622 15.2436
2801 -44.4671 -68.0369 23.5697
2802 -54.8515 -69.0138 14.1623
2803 -44.7125 -66.5943 21.8818
2804 -46.5807 -65.8687 19.288
2805 -51.5868 -63.5008 11.9141
2806 -43.8921 -66.2354 22.3433
2807 -40.7749 -65.2482 24.4733
2808 -50.3101 -70.2948 19.9846
2809 -54.0621 -72.1441 18.082
2810 -52.9505 -73.1112 20.1607
2811 -62.3944 -71.5206 9.12621
2812 -50.6073 -68.1557 17.5484
2813 -54.7725 -66.6213 11.8488
2814 -45.6665 -68.7058 23.0393
2815 -38.68 -63.1512 24.4712
2816 -50.5831 -73.1894 22.6063
2817 -48.2233 -62.1903 13.967
2818 -49.4214 -70.4628 21.0414
2819 -45.3985 -69.2063 23.8079
2820 -49.7608 -69.6909 19.9301
2821 -53.2839 -71.0966 17.8127
2822 -63.2741 -76.9359 13.6618
2823 -50.7088 -67.5174 16.8086
2824 -55.3519 -69.5073 14.1554
2825 -44.6887 -65.8137 21.125
2826 -40.0922 -63.3575 23.2653
2827 -56.8248 -72.9477 16.1229
2828 -46.9575 -66.2963 19.3388
2829 -48.3085 -72.7147 24.4062
2830 -56.8238 -69.9333 13.1095
2831 -38.2391 -61.6596 23.4205
2832 -52.0558 -70.2794 18.2235
2833 -48.0301 -67.7449 19.7148
2834 -42.2362 -66.1057 23.8695
2835 -51.596 -65.8607 14.2648
2836 -50.6116 -69.6672 19.0556
2837 -60.0832 -72.9528 12.8696
2838 -44.2974 -66.8593 22.5619
2839 -46.3857 -69.7665 23.3807
2840 -50.8572 -69.7025 18.8453
2841 -48.8686 -69.0688 20.2002
2842 -55.8128 -71.5305 15.7178
2843 -48.0027 -66.5398 18.537
2844 -44.1314 -66.7531 22.6216
2845 -50.1198 -66.894 16.7741
2846 -50.9488 -69.1354 18.1866
2847 -51.3774 -67.4881 16.1107
2848 -52.6119 -68.3714 15.7595
2849 -40.6176 -68.4717 27.8541
2850 -47.9874 -65.7706 17.7832
2851 -49.6504 -71.8601 22.2097
2852 -51.8944 -71.5734 19.679
2853 -48.2243 -66.0372 17.8129
2854 -51.211 -71.8279 20.6169
2855 -44.622 -65.17 20.5479
2856 -47.4631 -67.6296 20.1665
2857 -50.3111 -66.585 16.274
2858 -51.7413 -71.1545 19.4132
2859 -44.1674 -68.2081 24.0407
2860 -51.9957 -71.0794 19.0837
2861 -41.2093 -65.9678 24.7585
2862 -46.2078 -71.4487 25.2409
2863 -43.6853 -65.2609 21.5755
2864 -49.4234 -69.5313 20.1079
2865 -54.76 -71.1839 16.4239
2866 -50.4897 -72.1159 21.6261
2867 -59.6239 -73.8366 14.2127
2868 -42.4826 -67.214 24.7314
2869 -55.0184 -76.5906 21.5722
2870 -47.5954 -69.7429 22.1474
2871 -51.0498 -67.8219 16.7721
2872 -50.5725 -74.2644 23.692
2873 -49.5632 -64.1143 14.5511
2874 -49.2879 -69.096 19.8082
2875 -46.7644 -71.7198 24.9554
2876 -53.789 -68.2178 14.4287
2877 -56.3135 -69.6232 13.3097
2878 -43.9896 -66.0899 22.1003
2879 -48.1605 -67.5486 19.3881
2880 -44.1176 -64.5988 20.4812
2881 -48.9707 -65.8323 16.8616
2882 -46.0658 -65.9668 19.901
2883 -47.7079 -63.0804 15.3725
2884 -54.0972 -72.8588 18.7616
2885 -45.0361 -68.0547 23.0186
2886 -46.7263 -67.1256 20.3993
2887 -45.7585 -66.6507 20.8922
2888 -51.2668 -70.4519 19.1852
2889 -50.0927 -65.4381 15.3454
2890 -46.2696 -69.9829 23.7132
2891 -54.9407 -66.9633 12.0227
2892 -48.9194 -71.0718 22.1524
2893 -44.6952 -68.9479 24.2527
2894 -46.5288 -64.612 18.0831
2895 -42.8917 -67.035 24.1433
2896 -45.4597 -65.1447 19.6851
2897 -45.3546 -65.98 20.6255
2898 -51.5182 -64.6631 13.1449
2899 -41.4447 -65.8211 24.3764
2900 -47.9168 -67.7939 19.8771
2901 -47.4095 -64.424 17.0145
2902 -55.8619 -68.5258 12.664
2903 -41.9136 -63.4276 21.514
2904 -54.0376 -70.333 16.2954
2905 -53.267 -72.6767 19.4097
2906 -58.6662 -72.3751 13.7089
2907 -53.9685 -66.7077 12.7392
2908 -50.5282 -70.4951 19.9669
2909 -56.2344 -71.8812 15.6467
2910 -49.0754 -72.5939 23.5186
2911 -54.4544 -67.1681 12.7137
2912 -54.2022 -73.5622 19.3599
2913 -53.3207 -68.2188 14.8981
2914 -46.0022 -68.4758 22.4736
2915 -50.774 -66.9642 16.1901
2916 -52.294 -69.9383 17.6443
2917 -34.0177 -64.6883 30.6707
2918 -48.0921 -69.3175 21.2254
2919 -42.7266 -67.374 24.6474
2920 -49.9502 -74.0516 24.1014
2921 -46.4141 -67.8833 21.4692
2922 -48.2608 -67.1772 18.9163
2923 -47.0267 -65.6921 18.6654
2924 -51.194 -64.76 13.566
2925 -51.35 -69.0907 17.7407
2926 -51.9224 -70.4387 18.5163
2927 -44.1073 -64.0616 19.9542
2928 -49.3723 -66.1549 16.7825
2929 -54.1196 -68.9692 14.8496
2930 -55.5811 -72.8318 17.2507
2931 -56.9929 -77.8031 20.8101
2932 -55.1292 -70.9791 15.8499
2933 -47.1938 -68.7704 21.5766
2934 -46.8077 -67.9142 21.1065
2935 -43.8916 -70.4739 26.5823
2936 -48.6901 -72.3048 23.6146
2937 -45.6518 -65.9111 20.2592
2938 -47.3812 -68.7453 21.364
2939 -50.1519 -70.8582 20.7063
2940 -48.402 -68.667 20.265
2941 -54.9722 -71.8242 16.8519
2942 -44.5179 -69.2204 24.7025
2943 -45.9905 -68.0893 22.0988
2944 -49.6861 -68.3446 18.6585
2945 -46.5191 -67.9171 21.398
2946 -44.0437 -64.5093 20.4656
2947 -52.6936 -69.578 16.8844
2948 -49.4197 -69.45 20.0303
2949 -36.3395 -63.7298 27.3902
2950 -44.9445 -67.0722 22.1277
2951 -50.8079 -68.5393 17.7315
2952 -52.9001 -70.7058 17.8057
2953 -48.1594 -69.1166 20.9573
2954 -48.7133 -69.9666 21.2533
2955 -52.7748 -68.4533 15.6785
2956 -51.2631 -68.6767 17.4137
2957 -48.5991 -68.4203 19.8213
2958 -44.0453 -66.2806 22.2353
2959 -45.9736 -64.8803 18.9067
2960 -45.6297 -67.2524 21.6227
2961 -55.9374 -68.8495 12.9122
2962 -48.1512 -67.09 18.9388
2963 -50.8994 -69.1643 18.2648
2964 -47.0347 -67.6089 20.5743
2965 -52.3828 -71.6609 19.2781
2966 -52.0064 -72.5502 20.5438
2967 -46.6057 -65.6903 19.0846
2968 -48.0627 -66.5598 18.4971
2969 -58.6081 -73.3388 14.7307
2970 -49.7817 -68.1142 18.3325
2971 -47.6965 -67.6559 19.9593
2972 -49.8389 -69.4017 19.5629
2973 -43.3621 -66.4564 23.0943
2974 -48.6912 -67.7928 19.1016
2975 -48.6725 -69.0801 20.4075
2976 -49.8788 -67.3657 17.4868
2977 -36.9859 -65.5128 28.527
2978 -45.2671 -67.5549 22.2878
2979 -44.9782 -67.342 22.3637
2980 -45.7467 -68.816 23.0694
2981 -47.8135 -71.3256 23.5121
2982 -55.9767 -68.6094 12.6327
2983 -52.9975 -67.5674 14.5699
2984 -53.9568 -66.9736 13.0167
2985 -51.7491 -70.7676 19.0185
2986 -44.5297 -64.6161 20.0864
2987 -41.5891 -67.8019 26.2128
2988 -44.1221 -64.3457 20.2235
2989 -52.9773 -72.4201 19.4429
2990 -47.5328 -65.8543 18.3215
2991 -40.9771 -67.9269 26.9498
2992 -48.1806 -69.844 21.6633
2993 -50.6596 -68.2257 17.5661
2994 -56.7918 -72.396 15.6042
2995 -59.9038 -70.8911 10.9873
2996 -44.9082 -67.1692 22.261
2997 -46.8013 -70.0548 23.2535
2998 -46.9975 -71.2889 24.2914
2999 -52.5718 -72.1093 19.5375
3000 -49.4297 -67.4495 18.0198
