0.001	30.118674364702155	0.0035408894000000003	0.7699308540955839	-29003.121124189103
0.001068411032764704	30.118674364702155	0.0037831253007595935	0.7699308540955839	-28937.380170352586
0.0011415021349333412	30.118674364702155	0.0040419328096628375	0.7699308540955839	-28867.47180019304
0.0012195934748872453	30.118674364702155	0.0043184456075374125	0.7699308540955839	-28793.1539759384
0.001303027124057376	30.11867436470213	0.004613874931487247	0.7699308540955838	-28714.173462637893
0.0013921685553345629	30.11867436470213	0.004929514880597467	0.7699308540955838	-28630.26567821019
0.001487408243987546	30.118674364702187	0.0052667480846081164	0.7699308540955841	-28541.15459401865
0.0015891633781014687	30.118674364702155	0.005627051760387683	0.7699308540955839	-28446.552693503563
0.001697879686029236	30.118674364702155	0.006012004182736249	0.7699308540955839	-28346.160996815404
0.0018140333888607054	30.118674364702173	0.00642329159786295	0.769930854095584	-28239.669159734956
0.0019381332864623218	30.118674364702155	0.006862715609821599	0.7699308540955839	-28126.755655424957
0.002070722986224859	30.118674364702155	0.00733220107225995	0.7699308540955839	-28007.088047705325
0.0022123832842821135	30.118674364702155	0.007833804520051724	0.7699308540955839	-27880.32336456151
0.0023637347096312203	30.118674364702155	0.008369723177745267	0.7699308540955839	-27746.108580445474
0.0025254402422988697	30.118674364702155	0.0089423045842895	0.7699308540955839	-27604.08121560175
0.002698208217460079	30.118674364702155	0.00955405687619729	0.7699308540955839	-27453.87006010407
0.002882795428230734	30.118674364702155	0.010207659774190666	0.7699308540955839	-27295.096029506818
0.0030800104407253653	30.118674364702173	0.010905976321453776	0.769930854095584	-27127.373157973372
0.0032907171359014584	30.118674364702155	0.011652065424911835	0.7699308540955839	-26950.309733422808
0.0035158384937049856	30.11867436470213	0.01244919525447195	0.7699308540955838	-26763.509577624704
0.0037563606360932443	30.118674364702155	0.013300857558919828	0.7699308540955839	-26566.573472263895
0.004013337146645064	30.118674364702155	0.014210782961181754	0.7699308540955839	-26359.100729794496
0.004287893685679997	30.118674364702155	0.015182957299951234	0.7699308540955839	-26140.690905428983
0.004581232921102623	30.118674364702155	0.01622163908926332	0.7699308540955839	-25910.94564387099
0.00489463979657091	30.118674364702173	0.017331378172496092	0.769930854095584	-25669.47065146896
0.005229487160065552	30.118674364702155	0.018517035652512216	0.7699308540955839	-25415.87778136891
0.005587241777515389	30.118674364702155	0.019783805185241397	0.7699308540955839	-25149.787216065997
0.005969470757821316	30.118674364702155	0.02113723572997947	0.7699308540955839	-24870.8297285711
0.006377848417422572	30.118674364702155	0.022583255856058363	0.7699308540955839	-24578.649000317386
0.006814163614475183	30.118674364702173	0.024128199712360864	0.769930854095584	-24272.903971036925
0.007280327584769097	30.118674364702155	0.0257788347734365	0.7699308540955839	-23953.271193249773
0.007778382313708514	30.118674364702173	0.027542391483757957	0.769930854095584	-23619.4471618393
0.00831050948102802	30.118674364702155	0.02942659492997162	0.7699308540955839	-23271.15058754794
0.008879040017426012	30.118674364702173	0.031439698679879585	0.769930854095584	-22908.124582216187
0.009486464314977258	30.11867436470213	0.033590520936381235	0.7699308540955838	-22530.138723291093
0.010135443136050363	30.118674364702173	0.03588848316474349	0.769930854095584	-22136.99096561044
0.010828819268515496	30.118674364702155	0.03834365136240228	0.7699308540955839	-21728.509369776897
0.01156962997829696	30.118674364702173	0.04096678015207394	0.769930854095584	-21304.553618555306
0.012361120313817735	30.118674364702155	0.04376935989132189	0.7699308540955839	-20865.016295674155
0.013206757320614767	30.118674364702173	0.04676366700493723	0.769930854095584	-20409.823905093675
0.014110245228390836	30.118674364702155	0.04996281776060969	0.7699308540955839	-19938.937613155627
0.015075541677028289	30.118674364702155	0.053380825723447704	0.7699308540955839	-19452.35370092508
0.01610687505264113	30.11867436470213	0.05703266314102143	0.7699308540955838	-18950.10371933056
0.017208763009604354	30.118674364702173	0.06093432652782016	0.769930854095584	-18432.25434524508
0.018386032259694412	30.118674364702155	0.06510290673640999	0.7699308540955839	-17898.906942251077
0.01964383971502527	30.118674364702173	0.06955666382223201	0.769930854095584	-17350.196835322233
0.020987695077394456	30.118674364702173	0.07431510702997823	0.769930854095584	-16786.29231386184
0.022423484972989703	30.118674364702173	0.07939908025191855	0.769930854095584	-16207.393382303562
0.023957498738175747	30.118674364702155	0.08483085333251988	0.7699308540955839	-15613.73028169016
0.02559645596931344	30.118674364702155	0.09063421961930868	0.7699308540955839	-15005.561809023176
0.02734753595729044	30.118674364702155	0.0968346001872886	0.7699308540955839	-14383.17346423155
0.029218409135698557	30.11867436470213	0.10345915519345819	0.7699308540955838	-13746.875456048401
0.031217270680413352	30.118674364702155	0.11053690284920643	0.7699308540955839	-13097.000599607822
0.03335287640775572	30.118674364702173	0.11809884653173232	0.769930854095584	-12433.902138619404
0.03563458112848382	30.118674364702155	0.1261781105912884	0.7699308540955839	-11757.95152457153
0.038072379625621024	30.118674364702155	0.13481008544913742	0.7699308540955839	-11069.536184234188
0.040676950435619634	30.118674364702155	0.14403258262181096	0.7699308540955839	-10369.057304961723
0.043459702624639045	30.118674364702155	0.15388600035073657	0.7699308540955839	-9656.927665027735
0.04643282576483751	30.118674364702155	0.16441350056276005	0.7699308540955839	-8933.569533570273
0.049609343329593596	30.118674364702155	0.1756611979367187	0.7699308540955839	-8199.412661796938
0.053003169741549845	30.118674364702173	0.1876783619042546	0.769930854095584	-7454.892384074472
0.056629171323372175	30.118674364702155	0.20051763246971252	0.7699308540955839	-6700.447843972819
0.06050323141821341	30.118674364702173	0.21423525079449884	0.769930854095584	-5936.520358259535
0.06464231996513528	30.118674364702155	0.2288913055559559	0.7699308540955839	-5163.5519272624115
0.06906456783425662	30.118674364702155	0.24454999615990022	0.7699308540955839	-4381.98389859252
0.07378934624724606	30.118674364702155	0.26127991395980343	0.7699308540955839	-3592.2557878299194
0.07883735163105249	30.11867436470213	0.2791543427144665	0.7699308540955838	-2794.8042576619555
0.0842306962765669	30.118674364702155	0.29825157960031523	0.7699308540955839	-1990.0622548688661
0.08999300519933695	30.118674364702155	0.31865527818447714	0.7699308540955839	-1178.4583027863955
0.09614951962662291	30.118674364702155	0.34045481486100104	0.7699308540955839	-360.4159454107721
0.1027272075641104	666.6142393287915	5.146636049335838	0.986678788758299	463.64666186055547
0.10975488192660529	673.6928032080075	5.1866220668463905	0.986816910977077	1293.3170206510513
0.1172633267501725	680.9548234364952	5.22462587562012	0.9869556676839025	2128.188424217362
0.1252854320385766	688.4014732491445	5.260715507024608	0.9870949512652022	2967.859964110379
0.13385633783470774	696.0338948006037	5.294960200419312	0.9872346562819574	3811.9364172549977
0.1430135881480812	703.8532094918676	5.327429889015541	0.9873746798356771	4660.028019720798
0.15279729541267745	711.8605198454221	5.358194737791638	0.9875149217466787	5511.750134434558
0.16325031619551228	720.0569156367756	5.387324732197894	0.9876552847837138	6366.7228194525305
0.17441843892561174	728.4434789688422	5.414889315591835	0.9877956748460444	7224.570303041473
0.18635058446572028	737.0212891911557	5.440957072999649	0.9879360011163248	8084.9203713470415
0.19909902040532637	745.7914276498987	5.465595458476686	0.9880761761854898	8947.40367380614
0.21271959001369561	754.7549822578353	5.488870563131265	0.988216116151028	9811.65295094192
0.22727195685581691	763.9130518757166	5.51084692075491	0.9883557406901609	10677.30218828546
0.2428198661427786	773.2667504991895	5.5315873479552256	0.9884949731095476	11543.98570044218
0.25943142396139324	782.8172112472491	5.551152815701905	0.9886337403732063	12411.337146244354
0.27717939560620986	792.5655901505382	5.569602349260225	0.9887719731103854	13278.988478784406
0.2961415243207271	802.5130697391328	5.586992953589113	0.9889096056051283	14146.568830201752
0.31640087184402177	812.6608624314705	5.603379561412971	0.9890465757692692	15013.703332177975
0.33804618225452365	823.010213726849	5.618815001330114	0.9891828251005645	15880.011871891445
0.3611722707047209	833.5624052056801	5.633349983488312	0.9893182986276216	16745.10778252095
0.3858804387496041	844.3187573421253	5.647033100534235	0.9894529448432228	17608.59646681702
0.4122789180881616	855.2806321350931	5.659910841723384	0.9895867156275773	18470.0739515436
0.4404833446616875	866.4494355635422	5.6720276182564655	0.9897195661629429	19329.125369943344
0.4706172651856445	877.8266198734547	5.683425798084061	0.9898514548409877	20185.32336673163
0.502812678333895	889.413685703463	5.69414574859153	0.9899823431641595	21038.2264337366
0.5372106129459037	901.2121840570574	5.7042258857383565	0.9901121956422462	21887.37714158462
0.5739617457896925	913.2237181288258	5.7137027283796336	0.9902409796852104	22732.300301233452
0.6132270615865978	925.4499449930394	5.722610956641071	0.990368665493295	23572.501020560172
0.6551785581890016	937.8925771624993	5.7309834733523575	0.9904952259453023	24407.46266077816
0.7	950.5533840256843	5.738851467666899	0.9906206364858601	25236.644683591498