MC_cycle 	 H20 	 salt
0,150,0
1,150,0
2,150,0
3,148,1
4,148,1
5,144,3
6,144,3
7,144,3
8,142,4
9,142,4
10,142,4
11,142,4
12,142,4
13,142,4
14,144,3
15,144,3
16,144,3
17,144,3
18,144,3
19,144,3
20,144,3
21,144,3
22,144,3
23,144,3
24,144,3
25,144,3
26,144,3
27,144,3
28,144,3
29,144,3
30,144,3
31,144,3
32,144,3
33,144,3
34,144,3
35,144,3
36,144,3
37,144,3
38,144,3
39,144,3
40,144,3
41,144,3
42,144,3
43,144,3
44,144,3
45,144,3
46,144,3
47,144,3
48,144,3
49,144,3
50,144,3
51,144,3
52,144,3
53,144,3
54,144,3
55,144,3
56,144,3
57,144,3
58,144,3
59,144,3
60,144,3
61,144,3
62,144,3
63,144,3
64,144,3
65,144,3
66,144,3
67,144,3
68,144,3
69,144,3
70,144,3
71,144,3
72,144,3
73,142,4
74,142,4
75,142,4
76,142,4
77,142,4
78,142,4
79,142,4
80,142,4
81,142,4
82,140,5
83,140,5
84,140,5
85,140,5
86,140,5
87,138,6
88,138,6
89,138,6
90,138,6
91,138,6
92,138,6
93,138,6
94,138,6
95,138,6
96,138,6
97,138,6
98,138,6
99,138,6
100,138,6
101,138,6
102,138,6
103,138,6
104,138,6
105,138,6
106,138,6
107,138,6
108,138,6
109,138,6
110,138,6
111,138,6
112,138,6
113,138,6
114,138,6
115,138,6
116,138,6
117,138,6
118,138,6
119,138,6
120,138,6
121,138,6
122,138,6
123,138,6
124,138,6
125,138,6
126,138,6
127,138,6
128,138,6
129,138,6
130,138,6
131,138,6
132,138,6
133,138,6
134,138,6
135,138,6
136,138,6
137,138,6
138,138,6
139,138,6
140,138,6
141,138,6
142,138,6
143,136,7
144,136,7
145,136,7
146,136,7
147,136,7
148,136,7
149,136,7
150,136,7
151,136,7
152,136,7
153,136,7
154,136,7
155,136,7
156,136,7
157,136,7
158,136,7
159,136,7
160,136,7
161,136,7
162,136,7
163,136,7
164,138,6
165,138,6
166,138,6
167,138,6
168,138,6
169,138,6
170,138,6
171,138,6
172,138,6
173,138,6
174,138,6
175,138,6
176,138,6
177,138,6
178,138,6
179,138,6
180,138,6
181,138,6
182,138,6
183,138,6
184,138,6
185,138,6
186,140,5
187,140,5
188,140,5
189,140,5
190,140,5
191,140,5
192,140,5
193,140,5
194,140,5
195,142,4
196,142,4
197,142,4
198,142,4
199,142,4
200,144,3
201,144,3
202,146,2
203,146,2
204,146,2
205,144,3
206,144,3
207,144,3
208,144,3
209,144,3
210,144,3
211,144,3
212,144,3
213,144,3
214,144,3
215,144,3
216,144,3
217,144,3
218,144,3
219,144,3
220,144,3
221,144,3
222,144,3
223,144,3
224,144,3
225,144,3
226,144,3
227,144,3
228,144,3
229,144,3
230,144,3
231,144,3
232,144,3
233,144,3
234,144,3
235,144,3
236,144,3
237,144,3
238,144,3
239,144,3
240,144,3
241,142,4
242,142,4
243,142,4
244,142,4
245,142,4
246,142,4
247,142,4
248,142,4
249,142,4
250,142,4
251,142,4
252,140,5
253,142,4
254,142,4
255,142,4
256,142,4
257,142,4
258,142,4
259,142,4
260,142,4
261,142,4
262,142,4
263,142,4
264,142,4
265,142,4
266,142,4
267,142,4
268,142,4
269,142,4
270,142,4
271,140,5
272,140,5
273,140,5
274,140,5
275,140,5
276,140,5
277,140,5
278,140,5
279,140,5
280,140,5
281,140,5
282,140,5
283,140,5
284,140,5
285,140,5
286,140,5
287,140,5
288,140,5
289,140,5
290,140,5
291,140,5
292,140,5
293,140,5
294,140,5
295,140,5
296,140,5
297,140,5
298,140,5
299,140,5
300,140,5
301,140,5
302,140,5
303,140,5
304,140,5
305,140,5
306,140,5
307,140,5
308,140,5
309,140,5
310,140,5
311,140,5
312,140,5
313,140,5
314,140,5
315,140,5
316,140,5
317,140,5
318,140,5
319,142,4
320,142,4
321,142,4
322,140,5
323,140,5
324,140,5
325,140,5
326,140,5
327,140,5
328,140,5
329,140,5
330,140,5
331,140,5
332,140,5
333,138,6
334,138,6
335,138,6
336,138,6
337,138,6
338,138,6
339,138,6
340,138,6
341,138,6
342,138,6
343,138,6
344,136,7
345,136,7
346,136,7
347,136,7
348,136,7
349,136,7
350,136,7
351,136,7
352,136,7
353,136,7
354,136,7
355,136,7
356,136,7
357,136,7
358,136,7
359,136,7
360,136,7
361,136,7
362,136,7
363,136,7
364,136,7
365,136,7
366,136,7
367,136,7
368,136,7
369,136,7
370,136,7
371,136,7
372,136,7
373,136,7
374,136,7
375,136,7
376,136,7
377,136,7
378,136,7
379,136,7
380,136,7
381,136,7
382,136,7
383,136,7
384,136,7
385,136,7
386,136,7
387,136,7
388,136,7
389,136,7
390,136,7
391,136,7
392,136,7
393,136,7
394,136,7
395,136,7
396,134,8
397,136,7
398,134,8
399,134,8
400,134,8
401,136,7
402,136,7
403,136,7
404,136,7
405,136,7
406,136,7
407,136,7
408,138,6
409,138,6
410,138,6
411,138,6
412,138,6
413,138,6
414,138,6
415,138,6
416,138,6
417,136,7
418,136,7
419,138,6
420,138,6
421,138,6
422,138,6
423,138,6
424,138,6
425,136,7
426,136,7
427,136,7
428,136,7
429,136,7
430,136,7
431,136,7
432,136,7
433,136,7
434,136,7
435,136,7
436,136,7
437,136,7
438,136,7
439,136,7
440,136,7
441,136,7
442,136,7
443,136,7
444,136,7
445,136,7
446,136,7
447,136,7
448,136,7
449,136,7
450,136,7
451,136,7
452,136,7
453,136,7
454,136,7
455,136,7
456,136,7
457,136,7
458,136,7
459,136,7
460,136,7
461,134,8
462,134,8
463,134,8
464,134,8
465,134,8
466,134,8
467,134,8
468,134,8
469,134,8
470,134,8
471,136,7
472,136,7
473,136,7
474,136,7
475,136,7
476,136,7
477,136,7
478,136,7
479,136,7
480,136,7
481,136,7
482,136,7
483,136,7
484,136,7
485,136,7
486,136,7
487,136,7
488,136,7
489,134,8
490,134,8
491,134,8
492,134,8
493,134,8
494,134,8
495,134,8
496,134,8
497,134,8
498,134,8
499,134,8
500,136,7
501,136,7
502,136,7
503,136,7
504,136,7
505,136,7
506,136,7
507,136,7
508,136,7
509,136,7
510,138,6
511,138,6
512,138,6
513,138,6
514,138,6
515,138,6
516,138,6
517,138,6
518,138,6
519,138,6
520,138,6
521,138,6
522,138,6
523,138,6
524,138,6
525,138,6
526,138,6
527,138,6
528,138,6
529,138,6
530,138,6
531,140,5
532,140,5
533,140,5
534,140,5
535,140,5
536,140,5
537,140,5
538,140,5
539,140,5
540,140,5
541,140,5
542,142,4
543,142,4
544,142,4
545,142,4
546,142,4
547,142,4
548,142,4
549,142,4
550,142,4
551,142,4
552,142,4
553,142,4
554,142,4
555,142,4
556,142,4
557,142,4
558,142,4
559,142,4
560,142,4
561,142,4
562,142,4
563,142,4
564,142,4
565,142,4
566,142,4
567,142,4
568,142,4
569,142,4
570,142,4
571,142,4
572,142,4
573,142,4
574,142,4
575,142,4
576,142,4
577,142,4
578,142,4
579,142,4
580,142,4
581,142,4
582,142,4
583,142,4
584,142,4
585,142,4
586,142,4
587,142,4
588,142,4
589,142,4
590,142,4
591,142,4
592,142,4
593,142,4
594,142,4
595,142,4
596,142,4
597,142,4
598,142,4
599,142,4
600,142,4
601,142,4
602,140,5
603,140,5
604,140,5
605,140,5
606,140,5
607,140,5
608,140,5
609,140,5
610,140,5
611,140,5
612,140,5
613,140,5
614,140,5
615,142,4
616,142,4
617,142,4
618,144,3
619,144,3
620,144,3
621,144,3
622,144,3
623,144,3
624,144,3
625,144,3
626,144,3
627,144,3
628,144,3
629,144,3
630,144,3
631,144,3
632,142,4
633,142,4
634,142,4
635,142,4
636,142,4
637,142,4
638,142,4
639,142,4
640,142,4
641,142,4
642,142,4
643,142,4
644,142,4
645,142,4
646,142,4
647,142,4
648,142,4
649,142,4
650,142,4
651,142,4
652,142,4
653,142,4
654,142,4
655,142,4
656,142,4
657,142,4
658,142,4
659,142,4
660,142,4
661,142,4
662,142,4
663,142,4
664,140,5
665,140,5
666,140,5
667,140,5
668,140,5
669,140,5
670,140,5
671,140,5
672,140,5
673,140,5
674,140,5
675,140,5
676,140,5
677,140,5
678,140,5
679,140,5
680,140,5
681,140,5
682,138,6
683,138,6
684,140,5
685,140,5
686,140,5
687,140,5
688,140,5
689,140,5
690,140,5
691,140,5
692,140,5
693,140,5
694,140,5
695,140,5
696,140,5
697,140,5
698,140,5
699,140,5
700,140,5
701,140,5
702,140,5
703,140,5
704,140,5
705,140,5
706,140,5
707,140,5
708,140,5
709,140,5
710,140,5
711,140,5
712,140,5
713,138,6
714,138,6
715,138,6
716,138,6
717,138,6
718,138,6
719,138,6
720,138,6
721,138,6
722,138,6
723,138,6
724,138,6
725,138,6
726,138,6
727,138,6
728,138,6
729,138,6
730,138,6
731,138,6
732,138,6
733,138,6
734,138,6
735,138,6
736,138,6
737,138,6
738,138,6
739,138,6
740,138,6
741,138,6
742,138,6
743,138,6
744,138,6
745,138,6
746,138,6
747,138,6
748,138,6
749,138,6
750,138,6
751,138,6
752,138,6
753,138,6
754,138,6
755,138,6
756,138,6
757,138,6
758,138,6
759,138,6
760,138,6
761,138,6
762,138,6
763,140,5
764,140,5
765,140,5
766,140,5
767,140,5
768,140,5
769,140,5
770,140,5
771,140,5
772,140,5
773,140,5
774,140,5
775,140,5
776,140,5
777,140,5
778,140,5
779,140,5
780,140,5
781,140,5
782,140,5
783,140,5
784,140,5
785,140,5
786,140,5
787,140,5
788,140,5
789,140,5
790,140,5
791,140,5
792,140,5
793,140,5
794,140,5
795,140,5
796,140,5
797,140,5
798,140,5
799,140,5
800,140,5
801,140,5
802,140,5
803,140,5
804,140,5
805,140,5
806,140,5
807,140,5
808,140,5
809,140,5
810,140,5
811,140,5
812,140,5
813,140,5
814,140,5
815,140,5
816,140,5
817,140,5
818,140,5
819,140,5
820,140,5
821,140,5
822,140,5
823,140,5
824,140,5
825,140,5
826,140,5
827,140,5
828,140,5
829,140,5
830,140,5
831,140,5
832,140,5
833,140,5
834,140,5
835,140,5
836,140,5
837,140,5
838,140,5
839,140,5
840,140,5
841,140,5
842,140,5
843,140,5
844,140,5
845,140,5
846,140,5
847,140,5
848,140,5
849,140,5
850,138,6
851,138,6
852,138,6
853,138,6
854,138,6
855,138,6
856,138,6
857,138,6
858,138,6
859,138,6
860,138,6
861,138,6
862,138,6
863,138,6
864,138,6
865,138,6
866,138,6
867,138,6
868,138,6
869,138,6
870,138,6
871,138,6
872,138,6
873,138,6
874,138,6
875,140,5
876,140,5
877,140,5
878,140,5
879,140,5
880,140,5
881,140,5
882,140,5
883,140,5
884,140,5
885,140,5
886,142,4
887,142,4
888,142,4
889,142,4
890,142,4
891,142,4
892,142,4
893,142,4
894,142,4
895,142,4
896,142,4
897,142,4
898,142,4
899,142,4
900,142,4
901,142,4
902,142,4
903,142,4
904,144,3
905,144,3
906,144,3
907,144,3
908,144,3
909,144,3
910,144,3
911,144,3
912,144,3
913,144,3
914,144,3
915,144,3
916,144,3
917,144,3
918,144,3
919,144,3
920,144,3
921,144,3
922,144,3
923,144,3
924,144,3
925,144,3
926,144,3
927,144,3
928,144,3
929,142,4
930,142,4
931,142,4
932,142,4
933,142,4
934,142,4
935,142,4
936,142,4
937,142,4
938,142,4
939,142,4
940,142,4
941,142,4
942,142,4
943,142,4
944,142,4
945,142,4
946,142,4
947,142,4
948,142,4
949,142,4
950,142,4
951,142,4
952,142,4
953,142,4
954,142,4
955,140,5
956,140,5
957,140,5
958,140,5
959,140,5
960,140,5
961,140,5
962,140,5
963,140,5
964,140,5
965,140,5
966,140,5
967,140,5
968,140,5
969,140,5
970,140,5
971,140,5
972,140,5
973,140,5
974,140,5
975,140,5
976,140,5
977,140,5
978,140,5
979,140,5
980,140,5
981,140,5
982,140,5
983,140,5
984,140,5
985,140,5
986,140,5
987,140,5
988,140,5
989,142,4
990,142,4
991,142,4
992,142,4
993,142,4
994,142,4
995,142,4
996,142,4
997,142,4
998,142,4
999,142,4
1000,142,4
1001,144,3
1002,144,3
1003,144,3
1004,144,3
1005,144,3
1006,142,4
1007,142,4
1008,142,4
1009,142,4
1010,142,4
1011,142,4
1012,140,5
1013,140,5
1014,140,5
1015,140,5
1016,140,5
1017,140,5
1018,140,5
1019,140,5
1020,140,5
1021,140,5
1022,140,5
1023,140,5
1024,140,5
1025,140,5
1026,140,5
1027,140,5
1028,140,5
1029,140,5
1030,142,4
1031,142,4
1032,142,4
1033,142,4
1034,142,4
1035,142,4
1036,142,4
1037,142,4
1038,142,4
1039,142,4
1040,142,4
1041,142,4
1042,142,4
1043,142,4
1044,142,4
1045,142,4
1046,144,3
1047,144,3
1048,144,3
1049,144,3
1050,144,3
1051,142,4
1052,142,4
1053,142,4
1054,142,4
1055,142,4
1056,142,4
1057,142,4
1058,142,4
1059,142,4
1060,142,4
1061,142,4
1062,142,4
1063,142,4
1064,142,4
1065,142,4
1066,142,4
1067,140,5
1068,140,5
1069,140,5
1070,140,5
1071,140,5
1072,140,5
1073,140,5
1074,140,5
1075,140,5
1076,140,5
1077,140,5
1078,140,5
1079,140,5
1080,140,5
1081,140,5
1082,140,5
1083,140,5
1084,140,5
1085,140,5
1086,140,5
1087,140,5
1088,142,4
1089,142,4
1090,142,4
1091,142,4
1092,142,4
1093,142,4
1094,142,4
1095,142,4
1096,142,4
1097,142,4
1098,142,4
1099,142,4
1100,142,4
1101,142,4
1102,142,4
1103,142,4
1104,142,4
1105,142,4
1106,142,4
1107,142,4
1108,142,4
1109,142,4
1110,142,4
1111,142,4
1112,142,4
1113,142,4
1114,142,4
1115,142,4
1116,142,4
1117,142,4
1118,140,5
1119,140,5
1120,140,5
1121,140,5
1122,140,5
1123,140,5
1124,140,5
1125,140,5
1126,140,5
1127,140,5
1128,140,5
1129,140,5
1130,140,5
1131,140,5
1132,140,5
1133,140,5
1134,140,5
1135,140,5
1136,140,5
1137,140,5
1138,140,5
1139,140,5
1140,140,5
1141,140,5
1142,140,5
1143,140,5
1144,140,5
1145,138,6
1146,138,6
1147,138,6
1148,138,6
1149,138,6
1150,138,6
1151,138,6
1152,138,6
1153,138,6
1154,138,6
1155,136,7
1156,136,7
1157,136,7
1158,136,7
1159,136,7
1160,136,7
1161,136,7
1162,136,7
1163,136,7
1164,136,7
1165,136,7
1166,136,7
1167,136,7
1168,136,7
1169,136,7
1170,136,7
1171,136,7
1172,136,7
1173,136,7
1174,138,6
1175,138,6
1176,138,6
1177,138,6
1178,138,6
1179,138,6
1180,138,6
1181,138,6
1182,138,6
1183,138,6
1184,138,6
1185,138,6
1186,138,6
1187,138,6
1188,138,6
1189,138,6
1190,138,6
1191,138,6
1192,138,6
1193,138,6
1194,138,6
1195,138,6
1196,138,6
1197,138,6
1198,138,6
1199,138,6
1200,138,6
1201,138,6
1202,138,6
1203,138,6
1204,138,6
1205,138,6
1206,138,6
1207,138,6
1208,138,6
1209,138,6
1210,138,6
1211,138,6
1212,138,6
1213,138,6
1214,138,6
1215,138,6
1216,138,6
1217,140,5
1218,140,5
1219,140,5
1220,140,5
1221,140,5
1222,140,5
1223,140,5
1224,140,5
1225,140,5
1226,140,5
1227,140,5
1228,140,5
1229,140,5
1230,140,5
1231,140,5
1232,140,5
1233,140,5
1234,140,5
1235,140,5
1236,140,5
1237,140,5
1238,140,5
1239,140,5
1240,140,5
1241,140,5
1242,140,5
1243,140,5
1244,140,5
1245,140,5
1246,140,5
1247,140,5
1248,140,5
1249,140,5
1250,140,5
1251,140,5
1252,140,5
1253,140,5
1254,140,5
1255,140,5
1256,140,5
1257,140,5
1258,140,5
1259,140,5
1260,140,5
1261,140,5
1262,140,5
1263,140,5
1264,140,5
1265,140,5
1266,140,5
1267,140,5
1268,140,5
1269,138,6
1270,138,6
1271,138,6
1272,138,6
1273,136,7
1274,136,7
1275,136,7
1276,136,7
1277,136,7
1278,136,7
1279,136,7
1280,136,7
1281,136,7
1282,134,8
1283,134,8
1284,134,8
1285,134,8
1286,134,8
1287,134,8
1288,134,8
1289,134,8
1290,134,8
1291,134,8
1292,134,8
1293,134,8
1294,134,8
1295,134,8
1296,134,8
1297,134,8
1298,134,8
1299,134,8
1300,134,8
1301,134,8
1302,134,8
1303,134,8
1304,134,8
1305,134,8
1306,134,8
1307,134,8
1308,134,8
1309,134,8
1310,134,8
1311,134,8
1312,134,8
1313,134,8
1314,134,8
1315,134,8
1316,134,8
1317,134,8
1318,134,8
1319,134,8
1320,134,8
1321,134,8
1322,134,8
1323,134,8
1324,134,8
1325,134,8
1326,134,8
1327,134,8
1328,134,8
1329,136,7
1330,136,7
1331,136,7
1332,136,7
1333,136,7
1334,136,7
1335,136,7
1336,136,7
1337,136,7
1338,136,7
1339,136,7
1340,136,7
1341,136,7
1342,136,7
1343,136,7
1344,136,7
1345,136,7
1346,136,7
1347,136,7
1348,136,7
1349,136,7
1350,136,7
1351,136,7
1352,136,7
1353,136,7
1354,136,7
1355,136,7
1356,136,7
1357,136,7
1358,136,7
1359,136,7
1360,136,7
1361,136,7
1362,136,7
1363,136,7
1364,136,7
1365,136,7
1366,136,7
1367,136,7
1368,136,7
1369,136,7
1370,136,7
1371,136,7
1372,136,7
1373,136,7
1374,136,7
1375,136,7
1376,136,7
1377,136,7
1378,136,7
1379,136,7
1380,136,7
1381,136,7
1382,136,7
1383,136,7
1384,136,7
1385,136,7
1386,136,7
1387,136,7
1388,136,7
1389,136,7
1390,136,7
1391,136,7
1392,136,7
1393,136,7
1394,136,7
1395,136,7
1396,136,7
1397,136,7
1398,136,7
1399,136,7
1400,136,7
1401,136,7
1402,136,7
1403,136,7
1404,136,7
1405,136,7
1406,136,7
1407,136,7
1408,136,7
1409,136,7
1410,134,8
1411,134,8
1412,134,8
1413,134,8
1414,134,8
1415,134,8
1416,134,8
1417,134,8
1418,134,8
1419,134,8
1420,134,8
1421,134,8
1422,134,8
1423,134,8
1424,134,8
1425,134,8
1426,134,8
1427,134,8
1428,134,8
1429,134,8
1430,134,8
1431,134,8
1432,134,8
1433,134,8
1434,134,8
1435,134,8
1436,134,8
1437,136,7
1438,136,7
1439,136,7
1440,136,7
1441,136,7
1442,136,7
1443,136,7
1444,136,7
1445,136,7
1446,136,7
1447,136,7
1448,136,7
1449,136,7
1450,136,7
1451,136,7
1452,136,7
1453,136,7
1454,136,7
1455,136,7
1456,136,7
1457,136,7
1458,136,7
1459,136,7
1460,136,7
1461,136,7
1462,136,7
1463,136,7
1464,136,7
1465,136,7
1466,136,7
1467,136,7
1468,136,7
1469,136,7
1470,136,7
1471,136,7
1472,136,7
1473,136,7
1474,136,7
1475,136,7
1476,136,7
1477,136,7
1478,136,7
1479,136,7
1480,136,7
1481,136,7
1482,136,7
1483,138,6
1484,138,6
1485,138,6
1486,138,6
1487,138,6
1488,138,6
1489,138,6
1490,138,6
1491,138,6
1492,138,6
1493,138,6
1494,138,6
1495,138,6
1496,138,6
1497,138,6
1498,138,6
1499,138,6
1500,138,6
1501,138,6
1502,138,6
1503,138,6
1504,138,6
1505,138,6
1506,138,6
1507,138,6
1508,138,6
1509,138,6
1510,138,6
1511,138,6
1512,138,6
1513,138,6
1514,138,6
1515,138,6
1516,138,6
1517,138,6
1518,138,6
1519,138,6
1520,138,6
1521,138,6
1522,138,6
1523,138,6
1524,138,6
1525,138,6
1526,138,6
1527,138,6
1528,138,6
1529,138,6
1530,138,6
1531,138,6
1532,138,6
1533,138,6
1534,138,6
1535,138,6
1536,138,6
1537,138,6
1538,138,6
1539,140,5
1540,140,5
1541,140,5
1542,140,5
1543,140,5
1544,140,5
1545,140,5
1546,142,4
1547,142,4
1548,140,5
1549,140,5
1550,140,5
1551,140,5
1552,140,5
1553,140,5
1554,140,5
1555,140,5
1556,140,5
1557,140,5
1558,140,5
1559,140,5
1560,140,5
1561,140,5
1562,140,5
1563,140,5
1564,140,5
1565,140,5
1566,140,5
1567,140,5
1568,140,5
1569,140,5
1570,140,5
1571,140,5
1572,140,5
1573,138,6
1574,138,6
1575,138,6
1576,138,6
1577,138,6
1578,138,6
1579,138,6
1580,138,6
1581,138,6
1582,138,6
1583,138,6
1584,138,6
1585,138,6
1586,138,6
1587,138,6
1588,138,6
1589,138,6
1590,138,6
1591,138,6
1592,138,6
1593,138,6
1594,138,6
1595,138,6
1596,138,6
1597,138,6
1598,138,6
1599,138,6
1600,138,6
1601,138,6
1602,138,6
1603,138,6
1604,138,6
1605,138,6
1606,138,6
1607,138,6
1608,138,6
1609,138,6
1610,138,6
1611,138,6
1612,138,6
1613,138,6
1614,138,6
1615,140,5
1616,138,6
1617,138,6
1618,138,6
1619,138,6
1620,138,6
1621,138,6
1622,138,6
1623,138,6
1624,138,6
1625,138,6
1626,138,6
1627,138,6
1628,138,6
1629,138,6
1630,138,6
1631,138,6
1632,138,6
1633,138,6
1634,138,6
1635,138,6
1636,138,6
1637,138,6
1638,138,6
1639,138,6
1640,138,6
1641,138,6
1642,138,6
1643,138,6
1644,138,6
1645,138,6
1646,138,6
1647,138,6
1648,138,6
1649,138,6
1650,140,5
1651,140,5
1652,140,5
1653,140,5
1654,140,5
1655,140,5
1656,140,5
1657,140,5
1658,140,5
1659,140,5
1660,140,5
1661,140,5
1662,140,5
1663,140,5
1664,140,5
1665,140,5
1666,140,5
1667,140,5
1668,140,5
1669,140,5
1670,140,5
1671,140,5
1672,140,5
1673,140,5
1674,140,5
1675,140,5
1676,140,5
1677,138,6
1678,138,6
1679,138,6
1680,138,6
1681,138,6
1682,138,6
1683,138,6
1684,138,6
1685,138,6
1686,138,6
1687,138,6
1688,138,6
1689,138,6
1690,138,6
1691,138,6
1692,138,6
1693,138,6
1694,138,6
1695,138,6
1696,138,6
1697,138,6
1698,138,6
1699,138,6
1700,138,6
1701,138,6
1702,138,6
1703,138,6
1704,138,6
1705,138,6
1706,138,6
1707,138,6
1708,138,6
1709,138,6
1710,138,6
1711,138,6
1712,138,6
1713,138,6
1714,138,6
1715,138,6
1716,138,6
1717,138,6
1718,138,6
1719,138,6
1720,138,6
1721,138,6
1722,138,6
1723,138,6
1724,136,7
1725,138,6
1726,138,6
1727,138,6
1728,138,6
1729,138,6
1730,138,6
1731,138,6
1732,138,6
1733,138,6
1734,138,6
1735,138,6
1736,138,6
1737,138,6
1738,138,6
1739,138,6
1740,138,6
1741,138,6
1742,140,5
1743,140,5
1744,140,5
1745,140,5
1746,140,5
1747,142,4
1748,142,4
1749,142,4
1750,142,4
1751,142,4
1752,142,4
1753,142,4
1754,144,3
1755,144,3
1756,144,3
1757,144,3
1758,142,4
1759,142,4
1760,142,4
1761,142,4
1762,142,4
1763,142,4
1764,142,4
1765,142,4
1766,142,4
1767,142,4
1768,142,4
1769,140,5
1770,140,5
1771,140,5
1772,140,5
1773,140,5
1774,138,6
1775,138,6
1776,138,6
1777,138,6
1778,138,6
1779,138,6
1780,138,6
1781,138,6
1782,138,6
1783,138,6
1784,138,6
1785,138,6
1786,138,6
1787,140,5
1788,140,5
1789,140,5
1790,140,5
1791,140,5
1792,140,5
1793,140,5
1794,138,6
1795,138,6
1796,138,6
1797,138,6
1798,138,6
1799,138,6
1800,138,6
1801,138,6
1802,138,6
1803,138,6
1804,138,6
1805,138,6
1806,138,6
1807,138,6
1808,138,6
1809,138,6
1810,138,6
1811,138,6
1812,138,6
1813,138,6
1814,138,6
1815,138,6
1816,138,6
1817,138,6
1818,138,6
1819,138,6
1820,138,6
1821,138,6
1822,138,6
1823,138,6
1824,138,6
1825,138,6
1826,138,6
1827,138,6
1828,138,6
1829,138,6
1830,138,6
1831,136,7
1832,136,7
1833,136,7
1834,136,7
1835,136,7
1836,136,7
1837,136,7
1838,136,7
1839,138,6
1840,140,5
1841,140,5
1842,140,5
1843,140,5
1844,140,5
1845,140,5
1846,140,5
1847,140,5
1848,140,5
1849,140,5
1850,140,5
1851,140,5
1852,140,5
1853,140,5
1854,140,5
1855,140,5
1856,140,5
1857,140,5
1858,140,5
1859,142,4
1860,142,4
1861,142,4
1862,142,4
1863,142,4
1864,142,4
1865,142,4
1866,140,5
1867,140,5
1868,140,5
1869,140,5
1870,140,5
1871,140,5
1872,140,5
1873,140,5
1874,140,5
1875,140,5
1876,140,5
1877,140,5
1878,140,5
1879,140,5
1880,140,5
1881,140,5
1882,140,5
1883,140,5
1884,138,6
1885,138,6
1886,138,6
1887,138,6
1888,138,6
1889,138,6
1890,138,6
1891,138,6
1892,138,6
1893,138,6
1894,138,6
1895,138,6
1896,138,6
1897,138,6
1898,138,6
1899,138,6
1900,138,6
1901,138,6
1902,138,6
1903,138,6
1904,138,6
1905,138,6
1906,138,6
1907,138,6
1908,138,6
1909,138,6
1910,138,6
1911,138,6
1912,140,5
1913,140,5
1914,142,4
1915,142,4
1916,142,4
1917,142,4
1918,142,4
1919,142,4
1920,142,4
1921,142,4
1922,142,4
1923,140,5
1924,140,5
1925,140,5
1926,140,5
1927,140,5
1928,140,5
1929,138,6
1930,138,6
1931,138,6
1932,138,6
1933,138,6
1934,138,6
1935,138,6
1936,138,6
1937,136,7
1938,136,7
1939,136,7
1940,136,7
1941,136,7
1942,136,7
1943,136,7
1944,136,7
1945,136,7
1946,138,6
1947,138,6
1948,138,6
1949,138,6
1950,138,6
1951,138,6
1952,138,6
1953,138,6
1954,138,6
1955,138,6
1956,138,6
1957,138,6
1958,138,6
1959,138,6
1960,138,6
1961,138,6
1962,138,6
1963,138,6
1964,138,6
1965,138,6
1966,138,6
1967,138,6
1968,138,6
1969,138,6
1970,138,6
1971,138,6
1972,138,6
1973,138,6
1974,138,6
1975,138,6
1976,138,6
1977,138,6
1978,138,6
1979,138,6
1980,138,6
1981,138,6
1982,138,6
1983,138,6
1984,138,6
1985,138,6
1986,138,6
1987,138,6
1988,138,6
1989,140,5
1990,140,5
1991,140,5
1992,140,5
1993,140,5
1994,140,5
1995,140,5
1996,140,5
1997,140,5
1998,140,5
1999,140,5
2000,140,5
2001,140,5
2002,140,5
2003,140,5
2004,140,5
2005,140,5
2006,140,5
2007,138,6
2008,138,6
2009,140,5
2010,140,5
2011,140,5
2012,140,5
2013,140,5
2014,140,5
2015,140,5
2016,140,5
2017,140,5
2018,140,5
2019,140,5
2020,140,5
2021,140,5
2022,140,5
2023,140,5
2024,140,5
2025,140,5
2026,140,5
2027,140,5
2028,140,5
2029,140,5
2030,140,5
2031,140,5
2032,140,5
2033,140,5
2034,140,5
2035,140,5
2036,140,5
2037,142,4
2038,144,3
2039,144,3
2040,144,3
2041,144,3
2042,144,3
2043,144,3
2044,144,3
2045,144,3
2046,144,3
2047,144,3
2048,144,3
2049,144,3
2050,144,3
2051,144,3
2052,144,3
2053,144,3
2054,144,3
2055,144,3
2056,144,3
2057,144,3
2058,144,3
2059,144,3
2060,144,3
2061,144,3
2062,144,3
2063,144,3
2064,144,3
2065,144,3
2066,144,3
2067,144,3
2068,144,3
2069,144,3
2070,144,3
2071,144,3
2072,146,2
2073,144,3
2074,144,3
2075,144,3
2076,144,3
2077,144,3
2078,144,3
2079,144,3
2080,144,3
2081,144,3
2082,144,3
2083,144,3
2084,144,3
2085,144,3
2086,144,3
2087,144,3
2088,144,3
2089,144,3
2090,144,3
2091,142,4
2092,142,4
2093,142,4
2094,142,4
2095,142,4
2096,142,4
2097,142,4
2098,138,6
2099,138,6
2100,138,6
2101,138,6
2102,138,6
2103,138,6
2104,138,6
2105,138,6
2106,138,6
2107,138,6
2108,138,6
2109,138,6
2110,138,6
2111,138,6
2112,138,6
2113,138,6
2114,138,6
2115,138,6
2116,138,6
2117,138,6
2118,138,6
2119,138,6
2120,138,6
2121,138,6
2122,142,4
2123,142,4
2124,142,4
2125,142,4
2126,140,5
2127,140,5
2128,140,5
2129,138,6
2130,138,6
2131,138,6
2132,140,5
2133,140,5
2134,140,5
2135,140,5
2136,140,5
2137,140,5
2138,140,5
2139,140,5
2140,138,6
2141,138,6
2142,138,6
2143,138,6
2144,138,6
2145,136,7
2146,136,7
2147,136,7
2148,136,7
2149,136,7
2150,136,7
2151,136,7
2152,136,7
2153,136,7
2154,136,7
2155,136,7
2156,136,7
2157,136,7
2158,136,7
2159,136,7
2160,136,7
2161,136,7
2162,136,7
2163,136,7
2164,136,7
2165,136,7
2166,136,7
2167,136,7
2168,136,7
2169,136,7
2170,136,7
2171,136,7
2172,136,7
2173,136,7
2174,136,7
2175,136,7
2176,136,7
2177,134,8
2178,134,8
2179,134,8
2180,134,8
2181,134,8
2182,134,8
2183,134,8
2184,134,8
2185,134,8
2186,134,8
2187,134,8
2188,134,8
2189,134,8
2190,134,8
2191,134,8
2192,134,8
2193,134,8
2194,134,8
2195,134,8
2196,134,8
2197,134,8
2198,134,8
2199,134,8
2200,134,8
2201,134,8
2202,134,8
2203,134,8
2204,134,8
2205,134,8
2206,134,8
2207,134,8
2208,134,8
2209,134,8
2210,134,8
2211,134,8
2212,134,8
2213,134,8
2214,136,7
2215,136,7
2216,136,7
2217,138,6
2218,138,6
2219,138,6
2220,138,6
2221,138,6
2222,138,6
2223,138,6
2224,138,6
2225,136,7
2226,136,7
2227,136,7
2228,136,7
2229,136,7
2230,136,7
2231,136,7
2232,136,7
2233,136,7
2234,136,7
2235,136,7
2236,136,7
2237,136,7
2238,136,7
2239,136,7
2240,136,7
2241,136,7
2242,136,7
2243,136,7
2244,136,7
2245,136,7
2246,136,7
2247,136,7
2248,136,7
2249,136,7
2250,136,7
2251,136,7
2252,136,7
2253,136,7
2254,136,7
2255,136,7
2256,136,7
2257,136,7
2258,136,7
2259,136,7
2260,136,7
2261,136,7
2262,136,7
2263,136,7
2264,138,6
2265,138,6
2266,138,6
2267,138,6
2268,138,6
2269,138,6
2270,138,6
2271,138,6
2272,138,6
2273,138,6
2274,138,6
2275,138,6
2276,138,6
2277,138,6
2278,138,6
2279,138,6
2280,138,6
2281,138,6
2282,138,6
2283,138,6
2284,138,6
2285,138,6
2286,138,6
2287,138,6
2288,138,6
2289,138,6
2290,138,6
2291,138,6
2292,138,6
2293,140,5
2294,140,5
2295,140,5
2296,140,5
2297,140,5
2298,140,5
2299,140,5
2300,140,5
2301,140,5
2302,140,5
2303,140,5
2304,140,5
2305,140,5
2306,140,5
2307,140,5
2308,140,5
2309,140,5
2310,140,5
2311,140,5
2312,140,5
2313,140,5
2314,140,5
2315,140,5
2316,140,5
2317,140,5
2318,140,5
2319,140,5
2320,140,5
2321,142,4
2322,142,4
2323,142,4
2324,140,5
2325,140,5
2326,140,5
2327,140,5
2328,140,5
2329,140,5
2330,140,5
2331,140,5
2332,140,5
2333,140,5
2334,140,5
2335,142,4
2336,142,4
2337,142,4
2338,142,4
2339,142,4
2340,142,4
2341,142,4
2342,142,4
2343,142,4
2344,142,4
2345,142,4
2346,142,4
2347,142,4
2348,142,4
2349,142,4
2350,142,4
2351,144,3
2352,144,3
2353,144,3
2354,144,3
2355,144,3
2356,144,3
2357,144,3
2358,144,3
2359,144,3
2360,144,3
2361,144,3
2362,144,3
2363,144,3
2364,142,4
2365,142,4
2366,142,4
2367,142,4
2368,142,4
2369,142,4
2370,142,4
2371,142,4
2372,142,4
2373,142,4
2374,142,4
2375,142,4
2376,142,4
2377,142,4
2378,142,4
2379,142,4
2380,142,4
2381,142,4
2382,142,4
2383,142,4
2384,142,4
2385,142,4
2386,142,4
2387,142,4
2388,142,4
2389,142,4
2390,142,4
2391,142,4
2392,140,5
2393,138,6
2394,138,6
2395,138,6
2396,138,6
2397,138,6
2398,138,6
2399,138,6
2400,138,6
2401,138,6
2402,138,6
2403,138,6
2404,138,6
2405,138,6
2406,138,6
2407,140,5
2408,140,5
2409,140,5
2410,140,5
2411,140,5
2412,140,5
2413,140,5
2414,140,5
2415,140,5
2416,140,5
2417,140,5
2418,140,5
2419,140,5
2420,140,5
2421,140,5
2422,140,5
2423,140,5
2424,140,5
2425,140,5
2426,140,5
2427,140,5
2428,140,5
2429,140,5
2430,140,5
2431,140,5
2432,140,5
2433,140,5
2434,140,5
2435,140,5
2436,140,5
2437,140,5
2438,140,5
2439,140,5
2440,140,5
2441,140,5
2442,140,5
2443,140,5
2444,140,5
2445,140,5
2446,140,5
2447,140,5
2448,140,5
2449,140,5
2450,140,5
2451,140,5
2452,140,5
2453,140,5
2454,140,5
2455,140,5
2456,140,5
2457,140,5
2458,140,5
2459,140,5
2460,140,5
2461,140,5
2462,140,5
2463,140,5
2464,142,4
2465,142,4
2466,142,4
2467,142,4
2468,142,4
2469,142,4
2470,142,4
2471,142,4
2472,140,5
2473,140,5
2474,140,5
2475,140,5
2476,140,5
2477,140,5
2478,140,5
2479,140,5
2480,140,5
2481,140,5
2482,140,5
2483,140,5
2484,142,4
2485,142,4
2486,140,5
2487,140,5
2488,140,5
2489,140,5
2490,140,5
2491,140,5
2492,140,5
2493,138,6
2494,138,6
2495,138,6
2496,138,6
2497,138,6
2498,138,6
2499,138,6
2500,138,6
2501,138,6
2502,140,5
2503,140,5
2504,140,5
2505,140,5
2506,140,5
2507,140,5
2508,140,5
2509,140,5
2510,140,5
2511,140,5
2512,140,5
2513,140,5
2514,140,5
2515,140,5
2516,140,5
2517,140,5
2518,140,5
2519,140,5
2520,140,5
2521,140,5
2522,140,5
2523,140,5
2524,140,5
2525,140,5
2526,138,6
2527,138,6
2528,138,6
2529,138,6
2530,138,6
2531,138,6
2532,138,6
2533,138,6
2534,138,6
2535,138,6
2536,138,6
2537,138,6
2538,138,6
2539,138,6
2540,138,6
2541,140,5
2542,140,5
2543,140,5
2544,140,5
2545,142,4
2546,142,4
2547,142,4
2548,142,4
2549,142,4
2550,142,4
2551,142,4
2552,142,4
2553,142,4
2554,142,4
2555,138,6
2556,138,6
2557,138,6
2558,138,6
2559,138,6
2560,138,6
2561,138,6
2562,138,6
2563,138,6
2564,138,6
2565,138,6
2566,138,6
2567,138,6
2568,138,6
2569,138,6
2570,138,6
2571,138,6
2572,138,6
2573,138,6
2574,138,6
2575,138,6
2576,138,6
2577,138,6
2578,138,6
2579,138,6
2580,138,6
2581,138,6
2582,138,6
2583,138,6
2584,138,6
2585,138,6
2586,138,6
2587,138,6
2588,138,6
2589,138,6
2590,138,6
2591,138,6
2592,138,6
2593,138,6
2594,138,6
2595,138,6
2596,138,6
2597,140,5
2598,140,5
2599,140,5
2600,140,5
2601,140,5
2602,140,5
2603,140,5
2604,140,5
2605,140,5
2606,140,5
2607,138,6
2608,138,6
2609,138,6
2610,138,6
2611,138,6
2612,138,6
2613,138,6
2614,138,6
2615,138,6
2616,138,6
2617,138,6
2618,138,6
2619,138,6
2620,138,6
2621,138,6
2622,138,6
2623,138,6
2624,138,6
2625,138,6
2626,138,6
2627,138,6
2628,138,6
2629,138,6
2630,138,6
2631,138,6
2632,138,6
2633,138,6
2634,138,6
2635,138,6
2636,138,6
2637,138,6
2638,138,6
2639,138,6
2640,138,6
2641,138,6
2642,138,6
2643,138,6
2644,138,6
2645,138,6
2646,138,6
2647,138,6
2648,138,6
2649,138,6
2650,138,6
2651,138,6
2652,138,6
2653,138,6
2654,138,6
2655,138,6
2656,138,6
2657,138,6
2658,138,6
2659,138,6
2660,136,7
2661,136,7
2662,136,7
2663,136,7
2664,136,7
2665,136,7
2666,136,7
2667,136,7
2668,136,7
2669,136,7
2670,136,7
2671,138,6
2672,138,6
2673,138,6
2674,138,6
2675,138,6
2676,138,6
2677,138,6
2678,138,6
2679,138,6
2680,138,6
2681,138,6
2682,138,6
2683,138,6
2684,140,5
2685,140,5
2686,140,5
2687,140,5
2688,140,5
2689,140,5
2690,140,5
2691,140,5
2692,140,5
2693,140,5
2694,140,5
2695,140,5
2696,140,5
2697,140,5
2698,140,5
2699,140,5
2700,140,5
2701,140,5
2702,140,5
2703,140,5
2704,140,5
2705,140,5
2706,140,5
2707,140,5
2708,140,5
2709,140,5
2710,140,5
2711,140,5
2712,140,5
2713,140,5
2714,140,5
2715,140,5
2716,140,5
2717,140,5
2718,140,5
2719,140,5
2720,140,5
2721,140,5
2722,140,5
2723,138,6
2724,138,6
2725,138,6
2726,138,6
2727,138,6
2728,138,6
2729,138,6
2730,138,6
2731,138,6
2732,138,6
2733,138,6
2734,138,6
2735,138,6
2736,138,6
2737,138,6
2738,138,6
2739,138,6
2740,136,7
2741,136,7
2742,136,7
2743,136,7
2744,136,7
2745,136,7
2746,136,7
2747,136,7
2748,136,7
2749,136,7
2750,136,7
2751,136,7
2752,136,7
2753,134,8
2754,134,8
2755,134,8
2756,134,8
2757,136,7
2758,138,6
2759,138,6
2760,136,7
2761,136,7
2762,136,7
2763,136,7
2764,136,7
2765,136,7
2766,136,7
2767,136,7
2768,136,7
2769,136,7
2770,136,7
2771,136,7
2772,136,7
2773,136,7
2774,136,7
2775,136,7
2776,136,7
2777,136,7
2778,136,7
2779,136,7
2780,136,7
2781,136,7
2782,136,7
2783,136,7
2784,136,7
2785,136,7
2786,136,7
2787,136,7
2788,136,7
2789,136,7
2790,136,7
2791,136,7
2792,136,7
2793,138,6
2794,138,6
2795,138,6
2796,138,6
2797,138,6
2798,138,6
2799,138,6
2800,138,6
2801,138,6
2802,138,6
2803,138,6
2804,138,6
2805,140,5
2806,140,5
2807,140,5
2808,140,5
2809,140,5
2810,140,5
2811,140,5
2812,140,5
2813,140,5
2814,140,5
2815,140,5
2816,140,5
2817,140,5
2818,140,5
2819,140,5
2820,140,5
2821,138,6
2822,138,6
2823,138,6
2824,138,6
2825,138,6
2826,138,6
2827,138,6
2828,138,6
2829,138,6
2830,138,6
2831,138,6
2832,138,6
2833,138,6
2834,138,6
2835,138,6
2836,138,6
2837,138,6
2838,138,6
2839,138,6
2840,138,6
2841,138,6
2842,138,6
2843,138,6
2844,138,6
2845,138,6
2846,138,6
2847,138,6
2848,138,6
2849,136,7
2850,136,7
2851,136,7
2852,136,7
2853,136,7
2854,138,6
2855,138,6
2856,138,6
2857,138,6
2858,138,6
2859,138,6
2860,138,6
2861,138,6
2862,138,6
2863,138,6
2864,138,6
2865,138,6
2866,138,6
2867,138,6
2868,138,6
2869,138,6
2870,138,6
2871,138,6
2872,138,6
2873,138,6
2874,138,6
2875,140,5
2876,140,5
2877,140,5
2878,140,5
2879,140,5
2880,140,5
2881,142,4
2882,142,4
2883,144,3
2884,144,3
2885,144,3
2886,144,3
2887,144,3
2888,144,3
2889,144,3
2890,144,3
2891,144,3
2892,144,3
2893,146,2
2894,146,2
2895,146,2
2896,146,2
2897,146,2
2898,146,2
2899,146,2
2900,146,2
2901,146,2
2902,146,2
2903,146,2
2904,148,1
2905,148,1
2906,148,1
2907,148,1
2908,146,2
2909,146,2
2910,146,2
2911,146,2
2912,146,2
2913,146,2
2914,146,2
2915,146,2
2916,146,2
2917,146,2
2918,146,2
2919,146,2
2920,144,3
2921,144,3
2922,144,3
2923,144,3
2924,144,3
2925,144,3
2926,144,3
2927,144,3
2928,144,3
2929,142,4
2930,142,4
2931,142,4
2932,142,4
2933,142,4
2934,142,4
2935,142,4
2936,142,4
2937,142,4
2938,142,4
2939,142,4
2940,142,4
2941,142,4
2942,142,4
2943,142,4
2944,142,4
2945,142,4
2946,142,4
2947,142,4
2948,142,4
2949,142,4
2950,142,4
2951,144,3
2952,144,3
2953,144,3
2954,144,3
2955,144,3
2956,144,3
2957,144,3
2958,144,3
2959,144,3
2960,144,3
2961,144,3
2962,144,3
2963,144,3
2964,144,3
2965,144,3
2966,142,4
2967,142,4
2968,140,5
2969,142,4
2970,142,4
2971,142,4
2972,142,4
2973,142,4
2974,142,4
2975,142,4
2976,142,4
2977,142,4
2978,142,4
2979,142,4
2980,142,4
2981,142,4
2982,142,4
2983,142,4
2984,142,4
2985,142,4
2986,142,4
2987,142,4
2988,142,4
2989,142,4
2990,142,4
2991,142,4
2992,142,4
2993,142,4
2994,142,4
2995,142,4
2996,142,4
2997,142,4
2998,142,4
2999,142,4
3000,142,4
3001,142,4
3002,142,4
3003,142,4
3004,140,5
3005,138,6
3006,138,6
3007,138,6
3008,138,6
3009,138,6
3010,138,6
3011,138,6
3012,138,6
3013,138,6
3014,138,6
3015,138,6
3016,138,6
3017,138,6
3018,138,6
3019,138,6
3020,138,6
3021,138,6
3022,138,6
3023,138,6
3024,138,6
3025,138,6
3026,138,6
3027,138,6
3028,138,6
3029,136,7
3030,136,7
3031,138,6
3032,138,6
3033,138,6
3034,138,6
3035,138,6
3036,138,6
3037,138,6
3038,138,6
3039,138,6
3040,138,6
3041,138,6
3042,138,6
3043,140,5
3044,140,5
3045,140,5
3046,140,5
3047,140,5
3048,140,5
3049,140,5
3050,140,5
3051,140,5
3052,140,5
3053,140,5
3054,140,5
3055,140,5
3056,140,5
3057,140,5
3058,140,5
3059,140,5
3060,140,5
3061,140,5
3062,140,5
3063,140,5
3064,140,5
3065,140,5
3066,140,5
3067,140,5
3068,140,5
3069,140,5
3070,140,5
3071,140,5
3072,140,5
3073,140,5
3074,140,5
3075,140,5
3076,140,5
3077,142,4
3078,138,6
3079,138,6
3080,140,5
3081,140,5
3082,140,5
3083,140,5
3084,140,5
3085,140,5
3086,140,5
3087,140,5
3088,140,5
3089,140,5
3090,140,5
3091,140,5
3092,140,5
3093,140,5
3094,140,5
3095,140,5
3096,140,5
3097,140,5
3098,140,5
3099,140,5
3100,140,5
3101,140,5
3102,140,5
3103,140,5
3104,140,5
3105,140,5
3106,140,5
3107,140,5
3108,140,5
3109,140,5
3110,140,5
3111,140,5
3112,140,5
3113,140,5
3114,140,5
3115,140,5
3116,138,6
3117,138,6
3118,138,6
3119,138,6
3120,138,6
3121,138,6
3122,138,6
3123,138,6
3124,138,6
3125,138,6
3126,138,6
3127,138,6
3128,138,6
3129,138,6
3130,138,6
3131,138,6
3132,138,6
3133,140,5
3134,140,5
3135,140,5
3136,140,5
3137,142,4
3138,142,4
3139,142,4
3140,142,4
3141,144,3
3142,144,3
3143,144,3
3144,144,3
3145,144,3
3146,144,3
3147,144,3
3148,144,3
3149,144,3
3150,144,3
3151,144,3
3152,144,3
3153,144,3
3154,144,3
3155,144,3
3156,144,3
3157,144,3
3158,144,3
3159,144,3
3160,144,3
3161,144,3
3162,144,3
3163,144,3
3164,144,3
3165,144,3
3166,144,3
3167,144,3
3168,144,3
3169,144,3
3170,144,3
3171,144,3
3172,144,3
3173,144,3
3174,144,3
3175,144,3
3176,142,4
3177,142,4
3178,140,5
3179,140,5
3180,140,5
3181,140,5
3182,140,5
3183,140,5
3184,140,5
3185,140,5
3186,140,5
3187,140,5
3188,140,5
3189,140,5
3190,140,5
3191,140,5
3192,140,5
3193,140,5
3194,140,5
3195,140,5
3196,140,5
3197,140,5
3198,140,5
3199,140,5
3200,140,5
3201,140,5
3202,140,5
3203,140,5
3204,140,5
3205,140,5
3206,140,5
3207,140,5
3208,140,5
3209,140,5
3210,140,5
3211,140,5
3212,140,5
3213,140,5
3214,140,5
3215,140,5
3216,140,5
3217,140,5
3218,138,6
3219,138,6
3220,138,6
3221,138,6
3222,138,6
3223,138,6
3224,138,6
3225,138,6
3226,138,6
3227,138,6
3228,138,6
3229,138,6
3230,138,6
3231,138,6
3232,138,6
3233,138,6
