CONFIG file generated by makeCONFIG on 2019-03-28 12:07:11.186176               
         2         1       417  -48245444.2736    
     19.383000000000      0.000000000000      0.000000000000
      0.000000000000     19.383000000000      0.000000000000
      0.000000000000      0.000000000000     19.383000000000
O                1
     4.195879171        -8.724636366       -0.3130852105    
  0.205697958864       2.94861220346     -0.566266326556    
   5316.36019112      -9602.89309442       2339.24235559    
O                2
     5.485026732        -9.052282380        -4.072589345    
   6.17315323201     -0.531182854737     -0.644126022146    
   11799.7758847      -5433.31243465      -293.001483384    
O                3
    -1.448923456         6.929362777         7.543306032    
  -6.12095871560      -6.53538770725      -1.00198353789    
   8182.23169390       7752.21978286      -5787.01867783    
O                4
    -3.756144155        0.7833454371        -8.280636319    
   2.37157138044      -1.90246839495       2.08938130513    
  -5535.91313787       8674.67815783      -9318.66598103    
O                5
    -8.287286116        -4.751595373         2.168824077    
  -6.42451348163       1.22928132222      -3.23521754874    
   2495.67401497      -5257.61779836       11447.4713272    
O                6
    -9.378920879        -6.487802311         3.788575574    
  0.357280395667      0.387191163912       1.97233077228    
   9039.35178730       3767.78892273       14021.2697987    
O                7
     6.044212953        -5.077159800        -7.028757141    
  -3.00516714638       1.65609865538       5.42140130978    
   2564.87038823       292.999114358       10780.0358539    
O                8
    -5.074150707         5.498796156         5.037874529    
  -5.41570234272      -2.81533709173       6.50765115409    
  -16599.4806735       16724.5669290      -2578.32751154    
O                9
     5.147178309         7.984355699         7.179942952    
  -1.64638668826     -0.356906298742E-01   6.61281577031    
  -1007.32150150       8504.21324620       929.993935543    
O               10
     2.523635288        -7.961427924        -2.497662639    
 -0.506800468907      -12.1232032578      0.295965524000    
  -6441.06656751      -3520.34020098      -96.6609672947    
O               11
     1.197131589        -8.555788013        -7.836575036    
  0.672144412466     -0.534213677903       3.40725317495    
   1367.86416267      -826.471116728      -1306.54317003    
O               12
     2.428914480         8.850631521        -3.320234334    
  -6.55830833076       5.75423238333      0.409364739868    
  -2888.49932211       9702.15328751      -6868.69255474    
O               13
     1.350721335        -3.194119216        -7.499087319    
  0.106837921638       3.74100787082       4.27442000223    
   2246.97554976       1395.88871664       473.103375765    
O               14
    -6.166155405         8.987160928        -9.437300840    
   2.74960487931      -7.27274232628     -0.524808716528    
   2654.75166262      -835.767270551      -2762.29337651    
O               15
    -3.743816647        -6.368187722        -4.170514819    
   4.54027724222       3.92190250936       4.82233060318    
   211.985207512       1192.29626294      -7392.44003105    
O               16
    -7.924573200        -8.255159899        -3.466473211    
   6.92292190955     -0.679095589004     -0.377325582137    
   207.851180197       8443.70241548      -2739.07632338    
O               17
     7.949042407         4.797170730        -5.811718608    
  0.638834739272       7.16381974991       6.48024082346    
  -2721.11927448       2654.67813523       799.942021678    
O               18
     3.889167437         8.180074601         3.652216094    
   11.8046090529       1.06790483936      -1.96032399490    
   11083.6559017      -5429.93008460       5114.19536292    
O               19
     8.362910281        -9.513352675        -6.159942386    
   4.54179508414       3.12657467767       5.20633396630    
   4223.51896135      -18683.6054123       15976.8879025    
O               20
    -4.215320784        -5.886623186         6.854128849    
   7.29514941940      -2.86925668802      -4.47293455112    
  -8886.34293607       3879.58638323       1838.39909042    
O               21
    -8.860446375         8.152635156         2.364759086    
  -3.50295041008      -1.71186220658      -2.11170185260    
   10783.6831093      -4493.56680673      -3646.15397279    
O               22
     6.571827197        -7.939302418        0.4068579568    
  -3.49862994891       6.49521029653       2.23148629486    
  -2380.33158145      -608.017671382      -2286.64569183    
O               23
     9.241257859        0.7608901035       -0.8073514229    
  0.201895025845      -1.39381589768       2.07433071989    
  -3165.31546954       1082.19588253      -12776.5381120    
O               24
    -7.545370319        -7.176881218        -8.503897500    
 -0.503219768319      -2.78304502408      -4.89769359096    
   4292.14368432      -5186.12788536      -12787.6571019    
O               25
    -4.416389658       -0.6551158448         8.982094333    
   3.68202196893      -3.48331092729      -6.57455063887    
  -9305.75410330      -858.103452121       2663.86220824    
O               26
     6.366018420         3.016942900        -8.312401736    
   3.02519771311       2.97299302305      0.639505465849    
   5645.32811114       976.578110258       10960.2777261    
O               27
    -6.897345620        0.7440991966E-01    -2.687916595    
  -4.19639215176      0.585139318865      -1.87061826162    
   2642.50515558       10246.3050844       6593.23952660    
O               28
     7.850101724         9.111421536        -3.746550302    
 -0.486626602805       1.68978544085      -4.04689181015    
  -5026.49977293       7725.43582399       3245.07334117    
O               29
    -9.480327315        -2.483098353         3.870832518    
  -6.74877857384       2.30902194856     -0.666431173068E-01
   12339.3639405      -9286.13420839      -2474.75554617    
O               30
     6.990295755         2.272500079         8.697727402    
 -0.495335794326     -0.413491886017E-02  -3.30679607376    
   5781.77936767      -8827.43132944       3131.10382549    
O               31
     5.359911151         5.441743756         7.476873775    
   2.22482217808      -3.18990737384       1.35404319219    
   5473.34616607      -2679.49962835      -6659.92150811    
O               32
    -6.222710057        -4.255967408        -4.091797001    
  -2.40471924638       5.57778715496       2.60277295578    
   16767.7723029      -7828.59035594      -6723.08133257    
O               33
     1.917672689         9.356463291       -0.8043753237    
  -2.41774493911       1.43081906450       2.50107947399    
   7939.26669647      -1406.77655458       2350.07430412    
O               34
    -6.769418871         9.466184490         3.183858005    
   4.61177247764       2.91640549678       3.29922016540    
  -755.754869038       1233.80289546      -623.563849278    
O               35
    -2.876522125        -1.685693807        -8.670424810    
   2.89035002858      -3.30712012874      -5.61855898538    
   2065.44755425      -9052.12208520       8531.01399907    
O               36
    -6.470766754         9.391750594        -4.512931104    
  -2.22505976167       5.21239023710      0.641872095887E-01
   9842.95472174       1346.46855448      -6493.00050858    
O               37
    -8.998390929        0.5289853971E-01     3.346595502    
   2.94607807808       2.30127052753      0.983951428679    
   2105.68466238       3341.42663216       4137.29916851    
O               38
   -0.6719997779         8.959043615        -5.070366705    
   5.58833519339       2.82278451799       3.59597656646    
  -243.208363621      -3578.81043241      -2770.77246271    
O               39
     2.333053620         9.560365827        -5.875988087    
  -3.09504934340      -4.32092346279       5.90931468783    
  -1011.54051911      -662.939201313       10198.2112475    
O               40
     8.931635847        -4.117841220         5.729392958    
   1.99213592555      0.459916089855      0.727198201258    
  -2151.28867616      -2550.21375516       2906.90867261    
O               41
    0.2734651529        -4.907525771        -5.845707688    
   7.23227343975       5.82874076784      -3.97788201914    
  -3834.24762108       3454.97486578      -6658.86243225    
O               42
    -7.839221505        -3.111357852        -2.488295819    
  -3.61729005167      -8.70113067412      -3.55547611609    
  -6649.83173602      -1507.08671153       3441.61620793    
O               43
   -0.9127458404         9.422070242        -8.404776978    
   5.70979120886      -2.43986761147      -4.28233564547    
  -1804.56380303       3141.65199284      -3435.38816975    
O               44
    -8.281671533         8.561952869        -7.975694766    
  0.264619791812      -1.60350702543      -3.39100052494    
   7345.82476779      -9666.68168011      -1922.81754848    
O               45
    -9.577619533         4.322019996        -2.700155458    
  -3.37446417305      -6.16883771297       2.54987805820    
  -420.195172403       9580.98127159      -4262.67057351    
O               46
     9.023860394        -2.374138759        -9.548617450    
   2.40136664985       6.99269873235       2.74629797970    
  -5408.76994167      -6500.96939998       4904.45504967    
O               47
    -6.769943687       -0.7086745218         7.730070218    
   3.79261178894       1.10496504375      -2.11995331972    
  -11405.7208847      -7676.44517270       12380.9535615    
O               48
    -8.396590040        -5.657211609        -3.258951265    
  -7.77269569485       4.40500810551       9.21707470855    
   8999.65867493       8000.31815821      -3947.01132772    
O               49
    -7.729440127         5.052409243         4.833010270    
  -2.70592580101     -0.784472985882       2.97267426059    
   12053.9509395       2137.58624950       2377.01008595    
O               50
    -7.252529126         9.134358546         7.643984671    
   4.41769783873       5.25391160650      -3.53464276743    
   7950.63998823       496.175780414       4164.27488270    
O               51
    -8.557384843        0.4719111082         6.014769711    
  -1.05202259591       4.06072136745       5.88971152831    
  -2378.33188790      -9817.93578494       3749.04482756    
O               52
     7.220156874        -6.857775677         7.429266423    
  -4.32967424070      0.968609378774     -0.101990930184    
   10026.1842143       4569.36312430       6765.10900280    
O               53
     8.596360401        -4.977637321        -9.563113328    
   1.80072347176     -0.663887095599      -1.91880609438    
  -2729.13843441      -6969.34658402      -3977.56261780    
O               54
    -5.533143606         2.220723298        -9.612003384    
  -4.42556355862     -0.851131092602      -4.58831432573    
   9089.58509278       1663.38473547       8458.82362641    
O               55
    -7.611436410         6.535116504         8.082503713    
   3.00952199260       2.06407079343      -4.86815238767    
  -203.690241958       8194.86021101      -10963.3753423    
O               56
    -2.227879277        -5.801457606         9.242966915    
  -2.22396905491     -0.603915838197      -1.44851736919    
  -10900.6602717       3100.61076016      -8890.35617151    
O               57
     6.296940253         6.602159738       -0.5307797902    
  -1.00398973613      -7.49659802916       8.31598427497    
   3607.24894892       6885.02315854       4033.42664018    
O               58
    -3.747750979        -3.802924972        -7.444641735    
   4.67541433131       3.93360537527       2.49627860543    
  -3743.21902189      -3909.16089025       5241.36777580    
O               59
     8.250745698         6.322961932        -7.955508994    
   1.16487008825      -12.7297063943     -0.707633190658    
  -6779.73832569       3684.26807411       29146.5979974    
O               60
    -2.614232766         8.285989389         9.524949261    
   2.09911409671       1.19059132821      0.729440203601    
  -675.264367859      -4803.45673478      -11572.3918796    
O               61
     6.222888274       -0.4716407593         4.483155334    
  -8.49804029471      -3.47457401014      -9.43372087730    
   3884.68644555       2841.33933067      -270.714433745    
O               62
     8.076577443         6.297269432        -2.386022349    
   1.44132480661      0.831142077098      0.478309559231E-01
  -665.452847348      -3110.80467462       1866.50862847    
O               63
     9.186509460        -7.387530462        -4.112252312    
   3.45440905203       3.69508932571       6.54816085374    
   8611.40740739      -314.777855360       8366.23313572    
O               64
     3.640857709        -8.624004056         3.907941375    
  -2.10366297431       6.53357658449       3.50327651153    
   2609.08992432      -5858.36057611      -4574.39130130    
O               65
    -5.757935432         7.937888265        -7.122262412    
   4.52149224006      -3.27454499964       5.32378856978    
   7026.52533599      -523.470889558       18732.2380985    
O               66
    -3.881028932         6.421233906         8.046063439    
 -0.382254730284       1.51322540614       1.52374892036    
   2169.04051629       252.802795628       7156.69029713    
O               67
    -7.022739897         7.412982251         5.665534043    
  -3.33136897081      -3.89465779244       3.70226078052    
  -2490.72199473      -6665.51393627       5807.51023734    
O               68
    -1.883001946        0.3317273470         9.369723058    
  -3.84490857052       2.73540916769     -0.364877051401    
  -679.290682413      -1791.25344279      -2819.92323733    
O               69
     2.826784054         5.133617606         7.259239268    
   6.11660708105      -1.04771815237      -3.21822974953    
   129.376882029       9116.26631448       5645.00978829    
O               70
    -5.181504790        -7.888972405         2.905602940    
   2.48294237118       2.31872209707      -7.32234208926    
  -2423.53586395       10519.4292401       11471.4642009    
O               71
    0.5957223267         5.944339998         6.234523001    
  -4.89563631614      0.705769903438       1.60923050375    
  -8298.90486090       3739.57507767       4756.57903777    
O               72
   -0.6296185335        -7.607596772        -9.319583626    
 -0.471563771934       11.5417198998      -1.38967234348    
  -6400.78361122       10985.0646736       4256.31414047    
O               73
     5.149478524        0.1753710256         8.579192348    
  -3.82668615484       2.47233289008       3.10269503681    
   12718.4718624       10077.0513682       3156.35087650    
O               74
     8.407101334        -4.764588656        -5.798003886    
   6.36762662768       4.03616032120      -5.35893534377    
  -3165.35165405      -7886.88808753       10082.4675378    
O               75
   -0.3178539252        -5.111716093        -8.461636485    
  -1.21181188916      0.232101370069       4.47265813692    
   1769.35832320       4258.74817585       11625.5034748    
O               76
     8.767605200         9.581707192         4.674042926    
   3.97736250806      -1.30242786994      -1.19460793243    
   16284.5222401      -856.017628028       4290.99998182    
O               77
     7.876050320         4.636401810         9.571460796    
   8.94080151801     -0.404311800214      -4.65109164233    
  -7178.49720922      -13691.2462550       3500.05206449    
O               78
    -4.193431082        -8.934725678        -3.661581673    
  -1.03386202147      -2.88837304042      -3.15876048571    
  -7435.68969532       813.487236001       1944.48042420    
O               79
     3.292604283         9.494324726         7.988093246    
   1.65760195902       4.79855271711      -4.66889928993    
  -8418.74492931      -1870.91052818       8361.87940231    
O               80
     5.470328289         9.165640327        -7.174086958    
 -0.398144923577       6.59811854453       1.09231843766    
  -6442.81190229      -5907.12816164      -8851.65241305    
O               81
    -3.221014710        -1.560258447        -6.080123522    
   2.48484080036       6.14509526169      -4.43625641414    
  -4312.13499197      -5505.25661325      -11243.9902033    
O               82
    -4.262997662         8.161623244        -4.872357915    
   3.64234958166       3.60152210588     -0.677150678157    
  -2417.69128854      -6504.25089333      -7171.12742633    
O               83
     6.190032715        -5.494864161        -4.380770759    
   2.16909713339      -1.92125790294      -6.59123302491    
   7850.76836508      -1737.34325137       3911.51124513    
O               84
     8.532250252        0.9079878004         4.829470613    
   4.16804362466     -0.239922183902       1.05216776110    
   9062.93002961       12242.3721324       3015.72661640    
O               85
    0.5966943792         4.369534046         8.363841521    
   6.98866171075      -3.20458403422      -6.60326066188    
  -7064.65647392       8369.44149863       24046.2079831    
O               86
    -6.483126639         2.325905551         7.257302741    
   3.11438269160      -1.71348967780     -0.409036932100    
  -6248.02884181       5524.10811831       23425.3393971    
O               87
     9.396300009        -7.752440298        -7.569871879    
 -0.373796167340       4.15434033178      -2.58948586522    
   8659.89664678       6766.60102041      -6983.62997083    
O               88
     1.799990603         7.390811089        -8.917341703    
  -2.87845007991       2.64585965180      -3.96842422026    
   1650.84038694      -4773.99770868      -3296.25283134    
O               89
    -9.172310732        -7.006585630         1.264997913    
  -2.35224806940      -4.45678487873       2.43153891363    
   7995.00056342      -9044.33908865      -11144.5298787    
O               90
    -9.538975077        0.6148807844E-01    -8.614073981    
 -0.455569082975      -4.71057842834       3.57723892246    
  -5276.12834050       3423.79224570       810.487945170    
O               91
    -3.781858092         8.147037910         5.540639743    
 -0.366106347217      -3.95539065433      0.385337587098E-01
   388.718305690       17615.9615433       3028.69940119    
O               92
    -8.842560472         2.597041299         4.535341709    
  0.550148026031E-01  -3.26002183733       2.37370673639    
   59.1453321599       10397.3461549      -426.893067842    
O               93
    -6.179896697        -5.391406687         9.565155482    
   2.11207215360       5.74457183458     -0.162932034757    
   2495.72372004      -8109.37012236      -10014.3213755    
O               94
    -8.673589690        -2.129760126         6.359383808    
   4.82417526706       9.71984737981       4.52805696906    
   3573.53063133      -5902.51822493       2767.72504722    
O               95
    -3.831143318         6.149124331        -6.661165241    
  -1.08234268335      -2.90320820895       3.99796758535    
   1086.12230374      -7306.88795473      -1948.96341367    
O               96
     4.638916764        -4.407361873         9.264160402    
  -7.74154838447      -7.23286800804       2.27210994875    
   2114.23105981      -936.082679821       999.492919069    
O               97
    -8.717431067        -6.900949102         6.521915189    
  -1.76461163976      0.979843798144E-01   1.61435831185    
   2687.18071893      -1993.09643374      -6779.53976364    
O               98
     6.870002011        -8.119310331         5.162290495    
  0.609652806206       5.47462636181       2.48328707725    
  -2129.89948538       3118.55049055      -13087.0071230    
O               99
    -9.672010916         5.490751139       -0.3242575207    
   9.91690504602       5.11339067223      0.629998370956    
  -4523.88836275       9263.34421925      -20654.2396362    
O              100
    -6.656758626         7.936591911        0.8771479719    
   1.64405124498      -1.60692083761      -3.67701112452    
  -3108.39158043      -3163.43981039       4846.30968054    
O              101
    -9.428567483         7.885775697         6.960436344    
  0.380336747690       2.16958710979     -0.221929008552    
   5116.50866621      -3893.36321488      -6433.62967221    
O              102
     7.692303344       -0.1498892030         9.254355568    
 -0.474393617867      -2.33663341660      -4.36177776476    
   1089.34416282       1007.20895870       2747.77894508    
O              103
     3.948648199         3.467294017         8.840282962    
 -0.628967701142      -2.35566218942      -5.03687659409    
  -548.789407393      -7033.99481430      -183.947381652    
O              104
    -5.045576761        -6.988807165        -8.124062828    
   1.86920812841       3.64848157120      -10.7994438595    
   7277.77826186      -4098.23578811      -4840.87714081    
O              105
     8.624696519         7.053823967         9.026696470    
  -6.75392150039       1.22742832828       9.92411774176    
  -1975.77011646       16809.6753842      -13006.1593327    
O              106
     7.387994841         7.066672969         6.738017379    
  -1.54358080222      -3.75394493885      -7.42884023207    
   11887.4952885      -1768.71012602      -1116.34035198    
O              107
    -9.073642241         5.441306933        -9.403178039    
 -0.532444089889      -1.93179652156      -1.41354962477    
  -2593.43061983      -856.261277661       253.052964641    
O              108
   -0.5763936903        -8.714230853         4.939874100    
  -1.28915962621      0.411323225020E-02  0.788517124880    
   10278.6976724       1846.99920377       381.750071233    
O              109
    -6.609424944         6.839681766         3.176710710    
 -0.532640340987      -2.53600637480       1.52833612672    
  -4012.33545742       3300.76696911       3932.51933658    
O              110
     8.434716681        -1.467163093         5.625527868    
   1.83381422751       4.50409432645       2.25588708782    
  -16882.2939204       374.548416129       6373.77421585    
O              111
    -9.404531866       -0.6378065733         8.347387173    
   5.49018643209      -5.25544849717      -5.45946702454    
   22841.3283585       6449.84634719      -22651.1365605    
O              112
     4.390619893         8.217115081        0.2327399671    
  -2.05184045131      -7.40684264634       2.97939191314    
   7527.83611542      -474.452126350      -335.361172338    
O              113
     8.248691634        -1.175389060         2.330455884    
   3.72611477483       3.05239760099       3.35056056169    
  -7261.35202281      -1591.83452295       1296.97480389    
O              114
    -2.777610143        -8.814222315         6.038636370    
  -6.03975267787       9.61792238541       5.58742257305    
  -22733.0681233      -10388.9424703       8410.42704107    
O              115
     5.441452544         6.574393919         4.982837586    
   3.47450022834     -0.229093238576      0.426758777637    
   7228.25644923       775.842286897       1027.20456872    
O              116
    -6.675587884        -3.733809671        -7.906982774    
   4.08205041544     -0.747227699200      -1.16327651833    
   1862.47657619       2328.58551920       1779.63918320    
O              117
    -7.239129790        -7.636656954         4.538824337    
   5.31319151049      -2.53908047957      -3.06848456955    
   4118.44837103      -6388.15983675      -5016.82717621    
O              118
    -3.280032519        -7.357206232         1.243548634    
  -3.70733891423      -7.57652457255      -2.63950696316    
   6125.13293385       379.894701655      -12289.4332636    
O              119
    -6.951121650         4.200397887         9.123898639    
  -2.11590357456       1.13378795070      -1.76676586285    
  -2797.93186182      -1265.57243442      -2669.90594309    
O              120
    -4.681850896         9.412346343         7.640801442    
   2.08489699239      -3.93731114513      -1.16691104042    
  -1530.58122713       9317.03451711      -4384.26465190    
O              121
     3.979556275         7.046680086        -7.483548966    
  -4.40597144101       2.42330079414       7.30175015298    
   14506.4842881       11936.2312329       2477.28419494    
O              122
     5.652203993         5.180684568        -2.717003849    
  -3.28645006097      -2.26786773953       2.64635267634    
   10392.0197269       10944.3583092      -4794.73319232    
O              123
    0.5077680868        -8.138400975        -5.345986068    
   5.42044932563      0.775500332361      -2.69135230761    
   7022.84710462      -4178.09789774       49.4624282619    
O              124
    -8.643373334         6.790048482        -2.346064881    
  -1.22131831538       4.28889849323      -3.56998955217    
   1420.48066855      -786.530381411      -2959.94664267    
O              125
    -6.837910181       -0.9816566218        -4.966330508    
   5.45668761696      -6.71506918168      -5.18725826475    
  -774.731297118      -8186.70422381      -15747.9697145    
O              126
    -7.243490715         3.911784868        -5.707909670    
   6.06471470755      0.266662920440     -0.290502732826    
   2899.56817560       5914.76116357      -1582.59541259    
O              127
     2.424530497         5.125529329        -7.734593790    
   1.78287043361       6.89732587490       6.83695266646    
  -1018.81618032       3114.19616023      -2314.81519309    
O              128
    -8.354277238        -3.940190558         9.547140862    
  -4.00773816915      -4.03074329410      -4.18626178287    
   849.623043890      -3741.95165579      -3672.90130063    
O              129
     1.775373671         7.081747435        -5.174055198    
   6.81535264909       2.46737294979      -2.50093243710    
  -15.3554540154      -14205.6174110      -6100.86973097    
O              130
    -6.618159239       -0.8044481911        -8.940248540    
  -9.97635724710       3.43659161194      0.233225315462    
   1678.51225645       1580.60521483      -2066.15865680    
O              131
    -7.473476231        -5.040446480         5.172690497    
  -4.24855495427      -1.50881927850      -5.90704911728    
  -9474.70812517      -13868.6364876      -7373.02327515    
O              132
    -7.802663751        -8.893158374       -0.2062034342E-01
 -0.972274262931       2.14070150592      -1.31911144087    
   7810.26838094       1829.74735710      -4918.98574379    
O              133
     5.144415834        -6.276179985         6.209072485    
   3.83561518765      -3.28710285705      -1.41596311064    
  -4725.05504961       5901.66324468      -13567.0374223    
O              134
    -3.232079622        -8.685898867        -8.784417166    
  -7.64410158127      -2.05572247265       5.75757188583    
   3821.99137850      -8295.37772354       13725.0498860    
O              135
    -2.158481339         5.835167776        -9.484841423    
 -0.497432443840      -1.29177878489      0.758877187694    
  -2927.11415372      -2366.83321096       3250.74914331    
O              136
    -5.707707275         2.032579505        -6.921412279    
   6.24278165673       1.99662705721       4.34028431360    
  -4806.81314007       12975.0615959      -7050.29613204    
O              137
     5.860352109         7.924596471        -2.745063537    
  -1.64147527355      0.970480703398E-01  -5.32222760209    
   13648.9364376      -25408.3312682       6952.31755977    
O              138
    -5.456179064         8.550206042        -2.354362354    
  -1.83869583493      -1.84397865312      -3.61045371560    
   3482.21441151       994.472630937      -6150.56848368    
O              139
     5.267905359        -6.750375214        -1.598158711    
   3.59912130345      -2.49410870963      -3.72246754997    
   2515.93894623       11313.8757784      -13061.2638207    
O              140
     1.284499334         9.523556932         6.455616749    
   1.29067986837       2.42126906832      -3.90560104825    
  -14798.6875249      -11207.7080631      -13415.1505750    
O              141
    -3.273324627         8.514729436        -7.353669180    
   5.95185345274     -0.247855821685     -0.868578187555    
   10462.6157552       8523.64179411      -6496.98594033    
O              142
    -9.657331227         4.139159910         6.512396298    
   2.94583782197      0.120285779036      0.184994451537    
   6292.76832228      -792.404590994      -13385.7263110    
O              143
     6.266324127        -9.178919169        -1.768919566    
  -6.53615697033      -4.95089305166       5.59624711801    
   15092.5333241       4479.19452438       478.493876657    
O              144
     7.611936120        -8.750237205         2.586876123    
   6.17720251739       1.34944094462     -0.593739632205    
  -565.520455049      -4701.32801258       9546.04785549    
O              145
    -8.613192229        -5.876197815        -6.540507973    
  -9.37257008224     -0.312779978221      0.614522982347    
  -716.054401918       1724.70458920       7854.92193708    
O              146
    -8.260962531         2.074857715        -7.348683267    
  -4.06603272593      -3.21322359837       6.16366513729    
  -6684.31151637       5546.66348475      -6944.15393928    
O              147
    -8.841746274        -1.716755314         1.301070212    
   3.77573003981      -2.18896339207     -0.480929845775    
  -2242.96279330       3131.90026856       4079.99609295    
O              148
    -8.640068151        -3.749140990        -4.959029105    
  -1.76176925349       3.58345505830       1.08700141688    
   380.903797233      -2437.05915762       1879.95000727    
O              149
    0.8549609560        -9.326049224         8.915095848    
 -0.586085567966       14.0740156633      -6.38130456993    
  -2278.69969785      -3381.12862707       14838.0995755    
O              150
    -5.282389735        -9.076173152         5.261461982    
  -1.99157515494      -6.34587830782       1.82467081960    
   10484.7630826      -5376.16697026       6857.32742623    
O              151
    -2.406485944        -6.519935869        -7.688461496    
  0.202431394619      -2.57137484091      -2.90626867618    
  -1114.44260028      -8421.05539986       1627.56359439    
O              152
     1.316710708         3.304940923         6.258889285    
  0.818761431627       5.83142485898       1.83076862417    
  -887.246912666       1278.83930012      -7168.25596713    
O              153
    -3.493696863        -9.622821441         2.675056626    
  -1.09034706433       5.34492907035      -5.49419509402    
   6601.98017981       2332.86629269      -1794.55894502    
O              154
     8.977004037        -9.012859078        0.3051758825    
  -3.96800536888      -1.26673685073      -2.32362704525    
  -1302.60095115      -8296.96246153       2066.29701157    
O              155
    -6.064874865        -2.867128592         9.055582931    
  -6.65478667402       3.36788722221      -9.24982832239    
   11688.5271045       16252.9185569      -4720.09926120    
O              156
    -3.699194991        -8.058620101        -6.099519225    
  -3.04664505678      -1.26040998565       11.3024226122    
  -2559.43646943       955.940149759      -9862.99241247    
O              157
   -0.5755549222         8.068688048         5.270040320    
  -1.02613703364      -1.69427963403      -1.05878007470    
   11400.3371944       16241.8456096      -2494.61949904    
O              158
    -5.887102633        -8.030736203         8.939041710    
  -3.52948154450      -1.52730899657     -0.138481929117    
  -5889.78228332      -9391.37260777      -6646.91193320    
O              159
     1.454796734         9.301969345         3.923328652    
  0.792159424491      0.976359186170      -2.14149886077    
   2697.46697071      -6740.36616923       4126.76486731    
O              160
    -1.965845409         5.880834007         5.248693692    
   4.89606162069       4.28315677277       4.10057055140    
  -2858.20533405       3155.59129404       3022.04392880    
O              161
    -7.895665222        -8.334432259        -6.166278422    
 -0.814525171228      -5.46642040691       9.19158073505    
   8884.86473273      -10109.2525455       19429.6329655    
O              162
    -6.761515886         6.499332612        -8.935532332    
  -3.74994334166      -6.64575971814       7.73862209958    
  -8352.54719927       1750.05760756      -1568.92310148    
O              163
     8.670751679         7.366934000        -5.491798822    
  -8.40534789024     -0.422390815639       5.24469303613    
  -5473.76841812      -7171.69565210      -4338.93928069    
O              164
    -3.817440460         3.449874834        -7.997575103    
 -0.929939546495       4.22802872984      -1.56929646886    
  -1803.15325231      -184.482329560      -5868.38487747    
O              165
     7.214054728        -7.179483219        -6.196522048    
   7.12850359261      -3.21591868861       2.56171756237    
  -4354.78281762       11387.9217629       1747.14777963    
O              166
     4.851121681        -7.993620835        -8.573605053    
  -3.45601112749       2.06745390865      -4.31420460380    
  -6983.84178899       4531.95732062       3466.30814404    
O              167
    -8.990353473         9.138908422        -4.684910994    
  -4.52349544075       4.49899589174      -4.09995531832    
  -6952.36866905       1051.32602896      -3538.54012314    
O              168
    -9.545519012        -3.733622457        -7.549657351    
   3.81436801698      -2.34217150211      0.750163755884    
   3062.96248906       1238.86607890      -2081.31920388    
O              169
    -1.819493309        -8.214693377        -4.320160098    
   5.15520087642     -0.576848808222      -2.65947990347    
  -586.288193566       1215.35266684       1300.21479369    
O              170
    -1.599510451        -6.559879020         6.179104327    
   3.35541826731      0.659362141412       2.87909698848    
   10722.5880797       7075.11879676       3155.78152788    
O              171
     9.271449497         5.024373693         4.055792087    
  -2.03277404255     -0.805708168623     -0.463235960423    
  -3442.77056747      -3845.84348978      -1882.59138614    
O              172
     2.854785359        -7.217897509        -6.148316157    
   2.64070221372      0.832583497088       3.71369897025    
  -9594.07450412      -8579.55830618      -597.041418242    
O              173
     4.266206119         8.018147772        -5.156720061    
  0.279594654546       4.45899263881       2.51967908773    
  -19061.4535370      -5262.87496335       2157.04566877    
O              174
    -8.082269099         1.822759378         9.400645952    
  0.308939013783       1.32536005487       1.53768647817    
   2126.18467491       13941.8444033       835.675355277    
O              175
     6.276271870         6.813978562        -6.287002342    
  -4.84007930437     -0.458480556821       4.09655111230    
  -1657.12118252      -1378.57118621      -1276.57716830    
O              176
     6.834693743         8.889225274        0.7833563066    
   2.53785174744       1.81690892251      -6.44591865313    
   2029.53579134      -7942.49167624       373.699460792    
O              177
     3.814196954         5.911031451         9.561766227    
  -1.28160589380      0.602505514121       3.21266549580    
  -5395.91059102       3443.13653278      -4018.80988626    
O              178
    -2.588783667        -7.446330748         3.769569071    
   1.56652851950       6.74531069071       1.69272712162    
  -516.802207587       1820.54505882       15500.9620858    
O              179
     2.278155650        -3.633722107         7.075511397    
   2.17169973695      -4.00177736788      -1.63843689656    
  -11437.3824736       21.8776161509      -5429.20736638    
O              180
     6.938885126        0.4711688582         6.787604334    
   7.05879674321      -7.30943626840      -3.26361628022    
   10248.3655296       923.341484061       8612.57129035    
O              181
     5.424634122         9.334502260         9.521308935    
 -0.685477045618       4.39341411009       1.06919250979    
  -2968.49065688      -14516.9060122      -16140.2574166    
O              182
    -9.416320113        -7.351421460        -1.441241930    
  -2.51242950207      -5.30662308769       8.96518047259    
   11588.9068333      -5202.15068671      -14082.0948488    
O              183
     6.415153391         8.851269201         4.066724398    
   3.29453014809      0.180239535770       6.34975430115    
  -7958.31073335      -9444.25992943      -3794.00827109    
O              184
     5.366610927        -8.629014294         7.172302291    
 -0.807510294671      -2.42652000716       2.67276957922    
  -11855.5597426      -33851.7961983       14995.7412870    
O              185
    0.2823809611        -9.220656206        -2.972065865    
  0.715668071235      0.248217837262       4.20821023777    
   3585.59193985       623.534856328      -5417.71307958    
O              186
     2.139682764        -7.603889068         7.398428950    
  -6.50167792046      -2.91847120433     -0.608102730630    
  -4247.29670966      -56.6803620711       1209.24966288    
O              187
     5.792203774         7.064970940         2.227945640    
   4.82314982088      -3.27048640393      -4.48814782101    
   632.430107576       742.989441262      -3224.64850260    
O              188
     7.191511920        -8.816859194        -8.249749537    
  -3.41650365486       1.31916587610      0.761849279057    
   2621.47154901       1528.89682864      -11749.2115002    
O              189
    -9.150701853       -0.3107373190        -3.740570201    
   1.76134317282       1.48597619923      -3.75141161625    
  -12307.7355576       11153.4194070      -3883.80151566    
O              190
     8.938216729         2.461940940        -8.933467014    
  -1.28935233227       1.28390513617       1.54648266244    
   4810.86735022      -2775.55379438       6160.87800224    
O              191
    -7.436007480         1.482796089        -4.921577867    
 -0.806787139107       1.12499690240     -0.661180384114    
  -9417.56194601       3622.80267776      -1488.34102276    
O              192
    -1.327291293        -3.138847870        -7.022478480    
   1.63475681421      -4.33616869725       4.05585723360    
   15742.4877001      -10389.2886287      -1542.75697367    
O              193
     8.456903674        -5.186225817         2.115595160    
 -0.729514209649     -0.768411545175       4.75163785857    
   5080.34600980      -4178.51490627       327.163943222    
O              194
     2.839729919         9.539150305         1.715049472    
   1.20649845113     -0.846523841069       1.55711440969    
   3981.77694747       6252.02092496       96.5711249515    
O              195
     8.079192771         9.395918657         7.920543697    
  0.653887083851E-01  0.631518490303       3.45001456699    
   3229.42578873      -13089.0551794       1665.89908430    
Na             196
     7.274533022         2.424062370        -6.219001518    
  -8.14495968101      -5.92616065592       3.82077044986    
   697.759782553       787.419712537      -2800.04093512    
Na             197
    0.4988545723        -6.148829996        -4.067389983    
   3.37457037727      -3.53021444484       5.82962567568    
   2464.79152678      -129.922871830       257.094770804    
Na             198
     3.809302750        -2.528177446         8.088189614    
  -3.25974467825     -0.467678146045      -1.41902104284    
   3535.21527515       3761.84645443       4527.71902954    
Na             199
    -4.535616674         8.728964256        0.8856454313    
 -0.989909892019      -6.53408664314      -2.75604274766    
   2340.09005908       139.145304225      -1120.88118624    
Na             200
    -5.855243979        -2.061310058        -3.134700855    
 -0.737113127537      -3.98093178968     -0.180949882133    
   2761.07009242       3068.34149033       3981.68171477    
Na             201
     7.594572924         3.964211850         7.027996948    
  -1.40441405937      -4.95177602499       2.59680369054    
  -2474.52475862       1259.06429206       1079.24170915    
Na             202
    -9.137073083        -8.900319696         3.022988466    
 -0.569715281354      -1.30833489897       2.25580724436    
  -1648.77657565      -2510.28653381       1155.17358911    
Na             203
     7.710267931         1.694992733        0.6545762539    
   1.22792465946     -0.640628936022     -0.964088999621    
   1354.18158078      -799.248503579      -488.180187401    
Na             204
     8.295946511        -1.107262419       -0.8564888972E-01
   4.32228945856       1.22866604116      -6.89695576094    
  -388.281285275       14.8890762365       2664.62229275    
Na             205
    -4.549957612         4.152812493        -5.688035891    
  -3.60924756762     -0.972065989993      -2.22912900055    
   583.261206580       719.753999661       3037.66674347    
Na             206
    0.6794737478        -5.662396639         7.245664086    
 -0.873603158337      -4.72642145184     -0.339316051098    
   1318.18816682      -2249.36112676      -964.192757891    
Na             207
    -8.464619264        -1.201452525        -1.240747907    
 -0.354749694608      -7.26870218269     -0.849141664197    
   2075.34619711      -256.625388434      -243.716085052    
Na             208
    -3.903104218        -4.097269306         9.376588702    
 -0.280483697596       1.09052274632       6.24910190321    
   3108.61000655       270.330566282       3196.79132385    
Na             209
    0.2604205162         7.916475471        -6.925676839    
 -0.161890431683      -1.20322207683       1.28498813582    
   951.860066452      -217.046638826       1323.92593870    
Na             210
     2.455909355         6.153687560         4.415352866    
 -0.908429835654      -3.66990683710      0.735904787833    
  -518.774719702      -1001.98341342       295.743992999    
Na             211
    -2.665896106        -8.522690870        -1.142104222    
 -0.708001085895      0.696378755463      0.377299345662    
  -1916.08748409      -5855.29267819       48.6756132327    
Na             212
    -2.219126950        -5.124697804        -5.517916561    
  -1.74075844082      -5.64984333238      -3.89262493732    
   2486.20708396      -849.987003034      -1830.72761534    
Na             213
    -9.124432727         2.273294369         7.413217372    
   2.65789356365       7.19011190520      -5.36723783570    
  -1347.19849801      -977.885551401       414.348770560    
Na             214
     3.124630174        -7.154874377         5.352493646    
   1.99355486305     -0.255627792948       4.65925527682    
   308.928648237       2198.99638499       2623.97729301    
Na             215
    -4.726677517        0.4866101530E-01    -6.062377206    
  -3.77392156535      -1.23579371140       2.03663654391    
  -4189.75754264      -514.893537167       357.355498844    
Na             216
     4.470758366         1.725782965        -8.979994060    
   1.07491459903       3.52575095658      0.331061198220    
  -18.3632767908      -1841.52769953      -1018.23731694    
Na             217
    -9.304950068         2.834360170       -0.8797719142    
   3.49937004913      -3.53472122140      0.284950889741    
   36.6607371977       1285.26131732       1059.44318171    
Na             218
    -6.386997814         6.517988545        -1.419448834    
  -1.31835494051      0.667228296862      -3.26254580870    
   3576.72769130       624.427703807      -1401.70600672    
Na             219
     3.755072975        -5.947796244        -8.433501808    
   5.65716421216      -2.70490643160      -1.09478727441    
   2319.06073224      -1329.34505326      -163.963237906    
Na             220
    -7.344702297         8.577467259        -1.245470456    
 -0.852535548797      0.918503431210       5.49762464106    
  -2526.38255334       594.723915053       1168.32916533    
Na             221
    -6.142523095         5.660258729         1.005894600    
 -0.824130703214       2.97667819023      -1.00069322993    
   694.855807883      -3769.45813463       2548.41679841    
Na             222
     5.513423341        -3.384736706        -8.198773679    
  -3.53697221861      -1.11058969774     -0.639960713118    
  -1213.26147256       2983.91244023      -3391.65809176    
Na             223
    -6.175387593        -4.307156651         7.121730987    
  0.298615809624      -1.75107243072     -0.710022516125    
   453.596922915       73.5483499853      -6395.56073781    
Na             224
     1.583206874        -3.347609858         9.329862949    
 -0.530443209346E-01  -1.02073650405      -1.56272079880    
   811.552098560      -1857.51792554       44.8542399620    
Na             225
     8.845522268         8.786813863        -8.591163307    
   3.88083242906       3.07381970435      0.460339220251    
   2816.33844648       1518.74344533       206.333465543    
Na             226
     1.561372013         7.410915644         8.117512763    
   3.49357421076      -1.24400557328       1.32496620720    
   2350.09314223       2596.29368356       1460.82581186    
Na             227
    -1.418581781         6.940547717        -4.121234753    
   3.90763920886     -0.769551197638       1.14561093607    
  -356.065689780       1248.24499926      -397.468930319    
Na             228
    -7.540838348        -3.539883114        0.2573514669    
  -4.64719728102     -0.419055051445E-01   3.65971543872    
  -1564.35942951       2916.31274465      -1090.10041863    
Na             229
    -1.965624377       -0.4658984913       -0.9450581790    
   1.69355533893      0.441817979278E-01  -3.19575742821    
   485.626065318       1044.80336736      -767.483520900    
Na             230
     1.692165016         3.183648862        -9.016126388    
  -1.81703603226     -0.886500041488      -2.75168693889    
   857.022374968       3135.02700101       1250.33941001    
Na             231
    -7.268914836         3.942612867        -3.090118722    
   6.38698288246       1.05945016938       1.67524613185    
   2728.53551944      -3421.37690328      -262.474774467    
Na             232
    -6.230829424         2.915937881         5.264322486    
   3.99341341713      -1.34972727243       2.40473137633    
   3103.07252033       3612.88458429      -4457.32494177    
Na             233
    -3.794554269         1.682250943         1.655025940    
 -0.131473660105       3.51909066850       6.78655272257    
  -2236.05797219       1177.70881789       403.027149706    
Na             234
     6.249915832        -5.983959265        -9.107004120    
 -0.776165208826E-01  -1.41941369723       2.55548301775    
  -1453.22012311       254.267406015       21.5123858634    
Na             235
    -9.638479777         7.973085045        0.2245746156    
 -0.327130473161      -1.04832038701       2.58154417855    
   794.336111727       534.794247019      -650.193616291    
Na             236
     9.074883559        -5.469248095         7.417730938    
  0.716750048598      0.601992840907      -2.56655409700    
   1498.65777885      -4142.80898715       2643.86574509    
Na             237
    -7.885510334         6.917387115        -4.739923804    
   4.30899692319      -2.86327428886      0.396615125647    
   78.4907130896       1999.13918432       586.787900497    
Na             238
    0.9005965979E-01     6.069936285        -9.284595547    
  -1.27608046237       1.87304954594       1.12392357719    
  -1407.02254183      -4867.48116120      -341.612595453    
Na             239
     9.261056300         5.967524857         1.687304150    
  -3.59415198018       3.71180590813      0.452256070229E-01
  -29.2877565293      -2535.75393995       8770.34172733    
Na             240
    -9.690120411        -8.984577628         6.754983020    
  0.923264294786      -2.03250960157       2.85470797774    
  -742.897832678       4967.96869805      -1962.06333934    
Na             241
     4.923364630        -8.128576306        -6.007155256    
  -6.02253165850      0.385566125076      -1.36708720428    
   1144.73771749       911.556887080      -3630.80880535    
Na             242
     7.787602140        -5.572111667         4.537513363    
   7.30305574777      -2.65219605984      -5.89827001697    
  -2356.20823939      -1466.71929215      -1171.13045805    
Na             243
     3.042319672         1.554059273         8.040862226    
   1.74178451464       1.00399170901     -0.435607906226    
   3320.34490196      -2261.46777533      -3088.06317008    
Na             244
    -5.390251195        -5.012330265        -6.139964070    
   4.15385596651       1.03905095343      0.542511092874    
  -1069.91170888      -1605.86333727      -5025.55691239    
Na             245
     3.991480017        -7.449357300        -4.172095969    
  -3.83791015395      -2.30421614639      -4.59146400647    
  -380.361021337       4497.48704036       3957.45530863    
Na             246
     5.205683160         4.204890441        -6.806752132    
 -0.755845939167       3.19881314783       5.25029005016    
  -4424.61436804       1524.14988050      -920.023854685    
Na             247
     4.509389601        -4.082547112         5.884130861    
   2.59072326309      -3.52187495085     -0.581018525528    
  -2729.31196448       112.915749454      -260.479954361    
Na             248
     3.539927229        -5.614131324         7.596436847    
   3.19508529079      -6.45639953948       6.75871826332    
  -1692.97643868      -53.4127918274       5394.13459321    
Na             249
     9.105605222        -2.419742153        -3.650113984    
   3.91433493557      -3.83332643741       1.24636431971    
   1108.00970147      -372.651040162       756.021681437    
Na             250
    -6.165607681        -6.901371699         6.810751965    
   4.49888247477      -4.67169513802       2.61025686357    
   1073.09753386       27.8641859510      -341.898267842    
Na             251
     9.193150558         7.245136160         4.610402523    
 -0.188657110081       4.81056726167       1.03093262348    
   320.256730551       2109.77279290      -2823.68701358    
Na             252
    -7.954339835        0.3739781944        0.9726891587    
  -2.03432948328       3.88901585720     -0.695043071902    
   1085.39195714      -390.171029481      -360.874075645    
Na             253
     6.617472321        -4.738301635         8.198101671    
 -0.954715647402E-01  -1.22682110629      -3.39413617759    
  -820.543829811      -138.677104125       88.9263096885    
Na             254
    -3.691801273        -4.911465025         4.607789826    
   6.87162507383      0.645343854207E-01  -2.05136354674    
  -706.557445255      -1007.20578694       3403.19444834    
Na             255
     8.331245074        -7.480113248         9.286264083    
 -0.209025837613      -3.28045850323      -3.06737170482    
   887.968562867      -1508.70976149      -1720.89026007    
Na             256
    -6.219139597        -8.620009580        -1.823479222    
  -1.52640293108       1.42829726460       9.31984916777    
   1143.37399674       3161.93010713       3054.71395641    
Na             257
    -3.269692911        -7.690925234         8.107177339    
   4.25816335588      -1.16374575042      0.239109700503    
   308.221684256       1718.06515151       2086.17727896    
Na             258
    0.1361986747E-01    -6.006731779         1.795263286    
  -5.73056432388       3.93649491014      -2.31370506569    
  -297.164828358      -1212.44618327       430.964192412    
Na             259
    -6.576205265        -6.585019782         1.231673662    
  -8.18199492201       1.93624213666      -2.09528867704    
  -582.471198865      -1450.62701807       4294.10463364    
Na             260
    -4.622450787         5.207367615        -9.313912663    
  -1.44377638448       10.1764355952      -2.70717027437    
  -1598.87738127       3000.31252238      -1866.36882220    
Na             261
    -2.691701634         7.947851179         3.551018140    
  -2.57560186155      -4.49427506689       1.91954673698    
   1254.09098715      -3027.44331897      -1956.83004710    
Na             262
    -4.983356062        0.6477979819         6.881977609    
  -2.51643925515       5.69427561939      -3.02568677582    
   1169.67460662       1174.03793738      -2245.03612179    
Na             263
    -1.069995141         2.744842726         8.117254851    
 -0.558743847628      -4.48471238101      -1.83687879320    
  -1247.23512687      -624.032790422      -2124.33644756    
Na             264
     2.817240914        -4.862188253        -5.934505714    
  -2.54947498560      -1.24555856895      -2.87088681175    
   777.348441921       175.011226370       1213.72373301    
Na             265
    -2.651688061       -0.7628109082         5.098331043    
  0.766985488384      -2.03946017320       5.87628371853    
   2172.41426565       334.765015680      -474.540157566    
Na             266
    -5.681335239        -2.719458256        -6.052510426    
  0.872440018763      -1.16299263895      -5.16928182617    
  -141.009573836       2502.14322394       270.050284343    
Na             267
    -7.826912664        -1.733740650        -7.141394531    
   5.96399774592       2.24911015757      0.915193096326    
  -117.567767943       1647.99041861       536.705386872    
Na             268
     7.502614901         4.094013608        -3.511571622    
  -1.04052464695      -2.12164380738      -3.13441654073    
   859.272677067      -3029.18007339      -1589.93069258    
Na             269
    -1.060256784         1.517344651        -7.755872370    
  -1.90835212079      -3.64372775903       2.24294244076    
  -1335.57096757      -892.068874148      -1013.80287375    
Na             270
     3.957872104        0.3604396554         3.987184030    
  0.646273663600       1.80754366775     -0.128830673691E-01
   1018.10840890      -773.562801700      -142.061657690    
Na             271
     5.123061833        -7.214815482         2.682609148    
  -3.09353663534      -2.71173442066       3.59978706513    
  -293.038866957      -361.043787827       836.529331598    
Na             272
    -9.262298912         4.282498366        -5.058325109    
   1.26170989839      -4.26924970003       4.02525063505    
  -5613.23981347       564.071987480       896.391162912    
Na             273
     7.080114267        -7.442256158        -3.621060726    
  -3.51806229402       2.35131726959       2.73529905030    
   148.547825181       1640.27031455      -227.157662916    
Si             274
     5.440836272         7.547381127         3.718835533    
  0.685304227587       1.81655281873      0.752769217083    
  -7863.90833669       11125.9845721      -1339.45085131    
Si             275
    -2.500651408         6.845901094         8.717624349    
  0.376716401594     -0.850632554239      -2.61826564311    
  -14333.6774207      -1848.46129267       15307.5162944    
Si             276
     7.450522828        -9.263133494         4.182789686    
   1.97806455353      -5.33011466361     -0.302022596529    
  -7583.36416748       829.279167382       1914.40206388    
Si             277
    0.8420345139E-01    -4.026136733        -7.125811131    
  -2.90598395000      -2.67879475491       3.68108555090    
  -6613.14247151      -4065.53102800      -4423.26133502    
Si             278
    0.1856953987        -8.905543132        -9.023197101    
  0.270345521057       4.15636582787       4.89281831721    
   12301.4412438      -6225.84646270      -4553.85773230    
Si             279
    -7.682289055        -4.155698392        -3.604684372    
   1.57699515875      -3.78753361740      0.619361965295    
  -14035.2148225       680.282025217       2468.44913193    
Si             280
     9.558257590        -3.869572495        -9.167913577    
  -1.16323426113     -0.994422287440      -1.23463076354    
  -1360.77133787       10128.2827290       8830.17675805    
Si             281
    -2.791194005        -2.610571173        -7.242908664    
  -1.08551342300      0.667805859338      -1.90495606525    
  -3105.31971088       16917.7342623      -2115.66049091    
Si             282
    -7.832165515         7.739437729         7.031294933    
  0.758594370109       4.98254409796       1.34794202173    
   1751.46862992       2418.70843249      -4967.31474796    
Si             283
    -6.774474503        -3.934468816        -9.442604444    
 -0.835401030803      -1.61877716052      -2.17789366528    
  -12017.6826427      -10190.6349869       17606.7843449    
Si             284
     8.497976489         7.910655947         7.616109793    
   2.19669968140      -2.32280890867      -3.06991660929    
  -11104.9004876       6874.29423266       3430.38799312    
Si             285
     6.348322935         9.358880075        -3.126522869    
   8.19784758721       1.30731822015     -0.996050270431    
  -16616.3585752       5031.60987409      -10232.4084493    
Si             286
     6.667282023        0.6562832820         8.348407899    
  -1.34956631502      0.999278018636       3.12507336071    
  -30112.6305905       663.139791756      -2311.02708477    
Si             287
     8.021278493        -8.256503823        -6.987310475    
   5.31741172937     -0.667351540511     -0.394569991402    
  -3217.67860574       4494.72460787      -2596.47192016    
Si             288
     9.618687741         5.772311641        -1.989476534    
  -3.72900888702      -1.45099305012       4.51307372672    
  -1946.92066707      -11190.7266562       16957.7992788    
Si             289
     8.734064358         5.876365294        -9.346493121    
 -0.388608083047      -1.19538799890       3.22726935893    
   7482.36780078      -6443.32065373      -8300.97416454    
Si             290
    -1.401401096        -6.224870556        -8.911393538    
  -2.46364043069      -3.76011476684      -1.42083765016    
   13874.4869593       10530.3968540      -5704.38642067    
Si             291
     9.441758499        -2.753112454         5.427663547    
   2.36803536325       1.48276951734       1.20528181185    
   3652.42674914       25085.5843326       10.1149806633    
Si             292
    -6.825177081         8.044827698        -8.257700595    
  0.204981634698       5.25674266657       1.28238146746    
  -1464.14272941      -539.642471629      -5361.68301015    
Si             293
     4.054795338         4.884336771         8.304239668    
   2.40169615579       2.99233060136       1.18104309035    
   8263.75130919       7783.48571408       2571.21032155    
Si             294
     5.016748780         7.778572678        -6.498005897    
 -0.829771571793       4.19012183890      -1.68908356912    
  -2430.97554307       4286.83549420       3525.97957520    
Si             295
     7.441305542       -0.8150990136E-01     5.426624911    
  -6.71731042231      0.399864581336      0.322351064142    
  -2392.01072681      -16436.4678751      -14534.0315398    
Si             296
    -6.505908080         6.225042602         4.638291411    
  -6.41393295581       1.08916181282      0.193590039552    
   4682.74945769      -17385.4053116       5755.70364560    
Si             297
    -9.374085054        -4.487490715        -6.129009692    
   4.00529215322      0.825154122911       4.49551792821    
  -12986.4508410      -4769.03461054      -13460.9211617    
Si             298
     5.590863609        -8.048208174       -0.8873194480    
  -4.42910609597       1.16937825015     -0.233230849999    
  -12627.0391465      -3082.94282740       12582.7647248    
Si             299
    -3.639727631        -7.554551499        -7.632071075    
  0.178204115942       7.41293345459      -3.84072401230    
  -4382.39038407      -626.832187426       3609.85835252    
Si             300
    -9.492303182        -5.804811400         2.286935316    
  0.339055106168       4.54302448001       1.65467358722    
  -4296.18814695       7799.74916888      -3158.65987953    
Si             301
     1.740721661        -9.361906772        -2.396226419    
  -3.55197564679       4.33525824777     -0.759474985074    
   12915.9185586       243.059118555       16770.9635321    
Si             302
     7.524145655        -9.064138058         1.020880013    
  -1.48097740297       2.89909387885     -0.519940713144    
   6189.00929980       7219.56217071      -159.815650320    
Si             303
     9.093192365       -0.8419902019         9.631333597    
   1.72478768906      -1.86069093159       1.24388705274    
  -2726.07974273       1776.12553715       1264.06203072    
Si             304
   -0.4280324476        -9.059874583        -4.415272471    
  0.949675946785       1.08873406225      -2.13288552357    
  -20454.8562283       3009.49109287       4015.63911886    
Si             305
     2.989259146         6.415103701        -8.506715439    
 -0.826902372003       4.92429031298      -4.44361930120    
  -6252.08873165      -6360.81770460       903.258273633    
Si             306
    -8.278881761       -0.7807824570         7.129083751    
  -1.03291899042      -2.83728384996       1.00706782742    
  -3355.63723220       6713.59152810      -8240.37391809    
Si             307
    -3.507677501        -8.026992781         2.581933734    
  0.398940529611      -4.08438862706      -1.74721364633    
  -9710.38515351      -14707.4459409       3189.59693233    
Si             308
     5.834054725         7.562403530        0.6448993865    
  0.629333344537      0.799243719522       1.22842407788    
  -8203.21279231       2626.42820450       2065.72202253    
Si             309
    -9.607576222        -1.388640479         2.628722623    
   2.92075460025     -0.602069265088E-01   2.36509942743    
   2845.99733744       2048.85043842      -2659.00002775    
Si             310
     3.327097639         9.422983400        0.2205531168    
 -0.301444574167E-02 -0.372658604479       1.60523773765    
  -8313.87361602       2988.13960823      -7813.51777297    
Si             311
    -7.635562434        0.5103160383E-01    -4.102991518    
   1.33182313411       5.57279480070      0.968951896058    
   9544.38689841      -8262.72431435       9674.70895091    
Si             312
    -6.149500729        -6.922466033        -9.345178723    
   3.12297408648      -1.97472723291      -1.85140659708    
  -6572.71228513       5747.38819242       18491.0216365    
Si             313
     5.857354638         6.700084673         6.547809028    
   1.39460109697      -3.78864511806     -0.131988439896    
  -6587.79949282      -3060.06436459       7561.64399484    
Si             314
    -4.668789173         2.190236756        -8.234976077    
  -5.06199292193      -2.20011381746      -2.13940855910    
  -122.604598906      -21804.2091524       10691.1793391    
Si             315
     4.856793120         9.355298259         7.985006825    
   3.52765036318       1.47543159237       2.18044139170    
   8338.18374852       10615.8828518      -4144.60195483    
Si             316
    -6.102320999        -8.689687386         3.976380078    
   3.66014122221      -2.61117318500       1.04465118002    
  -3878.85473937       5511.60387586      -7587.15399441    
Si             317
    -7.629739888         5.623039792         9.337357182    
  -1.69574807666      0.177982347774       5.59472020817    
   8703.96951805      -2176.31925100       15020.0160254    
Si             318
    -7.799808861        -9.209473621        -4.795636181    
  -2.09080614898       5.71720205058       5.42648986989    
   3004.39652761       20.2060295144       2009.80965586    
Si             319
     1.904658843        -9.135832638         7.710464369    
  -1.89223695233      -2.00723506116      -3.70255385585    
   5407.23243461       16689.6917033       2050.94400486    
Si             320
   -0.8980528561         6.778432417         6.012957425    
   2.95891108069       5.69740770857      0.378032203045    
   2117.42237023      -31247.6675363      -272.857536776    
Si             321
     6.456694199         6.445954528        -2.149686963    
   3.52450493042      0.752730421631       5.59643896179    
  -14621.3206131       603.709014751       560.675734570    
Si             322
     7.486456214         3.100947439        -9.342808681    
   3.15452605331     -0.651061146703       4.01018766343    
  -2190.00160861       3382.68102004      -18514.7178222    
Si             323
    -1.842355175        -7.733477398         5.276481092    
  0.612825379462E-01 -0.429263869527      -4.28537518090    
  -393.152651940      -13064.3176681      -15080.3816068    
Si             324
     6.898250588        -5.488308217        -5.751962368    
   2.79603485805      0.786266323817       2.62439061935    
   3287.11180912      -5294.51057208      -18673.2091185    
Si             325
    -4.087508046         9.559492310         6.123127593    
   4.26610462225      -2.15383218899      -3.16096619691    
   2447.89595708      -2356.18041386      -7405.17394825    
Si             326
    0.3772164013         9.371067711         5.082471926    
 -0.317656657610       4.22280643960       5.66009725649    
  -641.946130660       12468.7714610      -2402.28450720    
Si             327
    -3.363619383        -7.840020224        -4.500893165    
 -0.272039189194E-01  -1.03274450366      0.597955735586    
   3621.06011526      -4345.09964135      -417.504783575    
Si             328
    -7.234469964         8.151849984         2.339542249    
 -0.383942400084       2.86944944186      -1.21412323972    
  -8038.13658925      -3369.63696838      -3249.32615104    
Si             329
    -2.495940646         9.178953617        -8.599508709    
   3.11283471213       3.66235036694      -1.57303773436    
  -7464.10963302       4372.36602347       5759.26613214    
Si             330
     2.989223701         9.452316674         3.333103312    
 -0.750969046321E-03  0.820503509542      -2.96115483542    
  -12521.1332979       10448.6880776      -3411.00124731    
Si             331
    -5.028500152         9.057187055        -3.780151348    
  -2.45126327953      -6.55744587411      -1.84121713418    
   466.125697919      -5953.33687762       3836.89209914    
Si             332
    -9.186066453         1.077332014         4.633779149    
  -2.31142917578       2.29972736011       2.05803064145    
  -11277.3571216      -16617.9998472      -8430.85505452    
Si             333
    -9.126113305         4.206496178         4.937134076    
   3.25193368948       2.11584582548      -2.85076019250    
  -3238.22173101       8330.55354328       9119.18143202    
Si             334
    -7.190310975         2.460607975        -6.206716467    
  0.927301216030      0.361785680966      -3.02331854393    
   10755.5953231      -18383.7053772       4240.14097729    
Si             335
     2.633180369         8.292253444        -4.811478327    
 -0.864749856614       7.26144431408       1.73646126342    
   16681.3834709       4012.27950177       123.434663277    
Si             336
     6.126110846        -7.474434586         6.492725550    
   3.62272079167      -1.69512047245      -2.22994213152    
   8975.46443835       9060.29047544       2956.04778425    
Si             337
    -5.968232313         9.653986601         8.540276579    
  -1.68625147389      -3.21078122705      -1.75692832211    
  -1734.73004537       10759.6869282       5049.75400496    
Si             338
    -9.072077102        -8.111174218       -0.6344354855E-01
  -5.80182775212       2.75359608186      -1.74768431072    
  -26468.7281439       17358.1414576       7861.59820809    
Si             339
    -5.963428409        -1.195202995         9.132157661    
   1.36563251971       2.32281003123      -3.78270497263    
   1939.82927947       2138.58660166      -11545.3821557    
Si             340
    -4.219950086         7.624443100        -6.430989221    
   3.24828696191      0.483109073483       1.99883833989    
  -6870.81806466       5228.55382994       478.381480415    
Si             341
    -8.465485625        -7.355783690        -7.231977520    
   2.90636665598       7.22860575116      -2.15266493113    
  -5691.72944372       13652.1667956      -3842.60500047    
Si             342
    -9.032516344         1.604456890        -8.678550954    
   3.37983233346       1.03594574571      -1.23489006664    
  -1119.38796117      -5973.79191407       1252.53770087    
Si             343
     5.657606204        -9.300365070        -8.535807625    
  -1.67089622777      -4.21355894978      -1.70190674364    
   3319.86373045       12629.2534130       7654.11533394    
Si             344
     7.727587986         6.267682457        -6.306976684    
  -4.11998061348      -1.81425012335       2.16083176494    
   22062.3008358      -1166.50195525      -6146.08218362    
Si             345
     1.306278335         4.651537999         7.073785350    
  0.322431601605       2.57159922241      -6.37442596848    
   1659.72781717      -10241.6090847      -25523.0046845    
Si             346
    -8.246550731        -6.521264080         5.082856742    
  -5.98349875639       1.28225882132       6.70969857144    
  -7726.46708826       15468.9399018       1899.05439791    
Si             347
    -3.182211725       -0.3375167042        -9.394338916    
   1.66812749833      -6.76308176473      -1.15122811816    
   4873.61341052       8794.62654666       2319.82042021    
Si             348
    -9.016554203        -7.083089552        -3.125979767    
  0.155861021241     -0.473099063409      -4.18990270732    
  -13460.2251091      -135.681692483       13784.9256243    
Si             349
     1.750306248        -8.374123146        -6.336786640    
   10.0604720613       1.82539793953     -0.102335283902    
   14441.7671128       10602.7985809      -8146.61108754    
Si             350
     8.847703604         8.911657310        -4.959487023    
   4.21593725389       2.55508054550      -1.88874866373    
  -1704.50888277      -8498.00514070      -2323.32877556    
Si             351
    -6.704086063         2.651001631         8.800682452    
  -4.51438259956      -3.17487166045     -0.275910188450    
  -1966.76870660      -10800.1616710      -13452.4776709    
Se             352
    -5.760512619        -2.266543431         3.662555562    
 -0.953664886815     -0.647890696639E-01  0.201372931686    
   1816.78512593      -4775.66936383       2031.66897157    
Se             353
    -2.608660300        -2.977567327        -3.272162665    
  0.727130654228       3.22729358137       2.28489846736    
   3736.29729864      -4857.87230339       9698.99267901    
Se             354
    -5.052310769        -5.452505630        -1.109382438    
  -1.47844471020       1.23293866122      0.960603611351E-01
   2849.82502223      -4150.68407527       3091.57794095    
Se             355
    -2.570276912        -3.957464036         1.845370432    
 -0.132661711447E-01   2.42745309305      0.583899901934    
   2511.80494399       172.207598372      -6292.77952757    
Se             356
   -0.9262680415        -6.125746984        -1.287182690    
  0.700930569323      0.433811590319E-01 -0.273000975939    
  -4435.52909406       8448.19612304       2907.61093269    
Se             357
     2.986971467        -5.843566681        0.7179667825    
  0.695670485033E-01   1.87158476647     -0.720250148527    
  -6555.41243028       3488.84894120       9015.27697719    
Se             358
    -6.266838279         2.719604177       -0.2633096870    
   1.49953174367      0.446138730349      -1.92886762583    
  -1678.65939050      -367.600096340      -3469.19816409    
Se             359
    -3.551640352         1.089956371        -3.329901814    
  -1.16039653037      0.433568531751      -1.39940707602    
  -2653.04174859       372.133889867       4577.15556783    
Se             360
    -4.901907734       -0.9740991392        0.7662622912E-01
   1.19174617629      0.400330012476     -0.482912378645    
  -1934.42496934       5601.79876827      -10182.3223636    
Se             361
    -1.220221633       -0.2086790382         2.289524700    
   2.13746248694      -1.59924412826       1.37317804292    
   1604.91191684       3252.55853644      -3760.04978111    
Se             362
   -0.2888787278        0.1693066637        -5.124119297    
  -1.10678247971     -0.998610454346       1.27506319630    
   8914.70297100       1239.26594735       4635.64066368    
Se             363
    0.4425838886        -2.508497832       -0.4855427585    
  -1.57877884235      0.135712440476     -0.921987691848E-01
   3308.01030958      -1280.42049169      -3983.76715763    
Se             364
     1.309352632        -3.378971935         3.588653910    
  0.440628686380      -1.20327402361      -1.10754905824    
   327.842490521      -1426.22143466      -2390.05992867    
Se             365
    -1.353931639        -3.215757229         7.049151554    
  -4.75660799872     -0.495431207624       1.00820720972    
  -2954.53984729      -2581.55808093       1411.73007534    
Se             366
     3.509403480        -4.200741308        -2.865119592    
  -2.63020648394     -0.407618239944       2.38299762926    
  -8454.85431849       281.164789422       4351.57517213    
Se             367
     5.442465376        -3.760871895         2.849675586    
  0.580886017381E-01 -0.914709156040      0.189200461516    
   526.751946367       5645.28157093      -2569.57097544    
Se             368
   -0.5881770433         4.485869273        -6.636130829    
  -1.32616968225      -3.21915603823       1.01940032911    
  -4151.13304488       2006.90718210       5547.94582910    
Se             369
    -3.500738206         4.953253279        -2.476533046    
  0.346275907279       1.79101479521      0.435037386080    
  -1819.40619075       12632.9131316       366.111145316    
Se             370
    -3.150651291         4.905327546         1.779637876    
 -0.979693360628     -0.319114301371       1.57693934387    
   589.925818467       4992.22089240       7296.83368130    
Se             371
     1.562823727       -0.1495122377        -9.193295433    
   2.42045046734     -0.240910524544      0.732881308813    
  -3472.70627977      -1783.89530892       6630.07381249    
Se             372
   -0.9215456304         2.725822018       -0.6345860910    
 -0.589174477104     -0.914117329137      -2.68651178548    
   4833.17644638      -5081.28815806       2283.52615361    
Se             373
     1.609696727         2.695498810         2.875708776    
 -0.449022413603      -2.36095125605     -0.694511994423    
  -5679.35527955      -6736.63435780      -751.252272823    
Se             374
    -2.976130671         2.593590178         5.159738021    
  -2.60095520754     -0.277378121971E-01   1.41922697644    
   833.001848453      -10199.5063320       4608.12157799    
Se             375
     4.249964859        -1.155827706        -6.238368454    
 -0.215284778378      -2.23937506561     -0.908930281864    
   3379.93067669       640.736539960      -730.192054037    
Se             376
     2.965118018       -0.6315240332E-01    -2.689740573    
  -1.52843416334      0.741473652986      -1.72696060044    
  -8883.29128259      -4925.83259182       10297.9126835    
Se             377
     5.144708542        0.1668294228E-01    0.9640170191    
  -1.05783617853      -2.22146775486      -2.35776399030    
  -1044.06266791      -8121.31911638       5485.90639098    
Se             378
    0.5767211445        0.1337459114E-01     6.431826131    
  -1.32205198866       2.37101692645       4.35679449291    
   2500.50990994       1496.95124630      -2083.35626919    
Se             379
     7.355494090        -3.887222289        -1.116632987    
  -2.45761205857      -1.68896637302       2.57643193579    
  -2236.25493060      -2563.60370870       1787.23671785    
Se             380
    -1.600566136         7.964469095       -0.4341237039    
  0.411198874537      0.275085214868      -1.91269088522    
   2454.02271851      -5891.04735182       1767.38917937    
Se             381
     1.788005836         6.288339050         1.290754856    
 -0.493298486880       1.57551009573       1.20009083661    
  -6244.75320046       1771.21343470      -2644.35445139    
Se             382
     2.817405991         3.378220913        -4.667113764    
  -4.55623226650       1.18498309213      -1.93748298240    
  -239.064155513       4235.32366936       2272.16850586    
Se             383
     3.753611005         3.231420254       -0.6636927715    
  -1.57289023018       1.86434479314     -0.753693866489E-01
  -6681.69242356       2107.97171101       3118.05654708    
Se             384
     6.680848505        0.8360027404        -3.669918589    
  -1.53887291966     -0.521219574371       1.06316360364    
   7453.46481554       2415.63326189       2776.81160138    
Cd             385
    -4.498390762        -4.897362581        -3.271446450    
   1.03166284216     -0.335440993068     -0.750787139953    
  -3558.94933643       7272.11529229       2903.50505481    
Cd             386
    -1.018762998        -3.848130149        -1.693979525    
  0.757196270963      -2.48108972705       1.32677160146    
  -3195.43483273      -355.849995905      -2830.45339212    
Cd             387
    -7.635635689        -3.681054476         3.798355329    
   1.54603869856      -2.87908218366     -0.704533235689    
   3760.58510415       1603.23801348      -7319.42602612    
Cd             388
    -2.494735534        -5.295832633         7.355711067    
  -2.37438750396      0.318622307434     -0.581368981318    
   6328.04721548       121.793798885      -1581.77002694    
Cd             389
     3.234512007        -6.291027731        -1.475578283    
   1.03141083863       2.79483939142      -2.36286079542    
   1530.60254135      -6604.65847262      -7830.75451988    
Cd             390
    -3.061217310        -5.823677407        0.1719597825    
  0.406203275872      -1.67556178066      -1.45811251981    
  -277.942082490       3993.67459517       31.6998128877    
Cd             391
    -5.526548935        0.7546247095        -1.543139493    
 -0.865221452942      0.770706759566E-01  0.344210924743    
  -247.887302363      -382.520424766       1540.75850271    
Cd             392
    -2.432564158         2.999984251        -2.403815510    
  -1.04307363416      -2.52665919699      0.596159311926    
  -1303.85929322      -9988.42212217       400.638219416    
Cd             393
    -4.292840190        -2.342837036         1.703359897    
   1.20963699535       1.19276843081      -1.17382384744    
  -2167.10626941      -3017.13779019       10641.7142596    
Cd             394
   -0.2153460076       -0.3180996916         8.686162798    
 -0.636508563762      -2.70435368900       1.98249126197    
   2771.19719118       1305.74905366      -5009.20744711    
Cd             395
    -2.404580500       -0.8241017384        -4.495534095    
  -1.77176207408     -0.903059269903      -1.19104083990    
   1792.53855045       161.277034419      -690.313344533    
Cd             396
     2.223799231        -2.453808496        -2.066951028    
  0.883161487112       1.57412302543     -0.730796281763    
   2789.55241660       5082.57544514       752.762568996    
Cd             397
   -0.4925145903        -2.536842925         1.859206728    
  0.115433424170      0.386058260869E-01 -0.289836607915    
   1118.79076979       5129.77059334       3128.89018417    
Cd             398
    0.8172908832        -2.783168222         6.020452669    
  0.592391805531      -1.93855768853      0.948481678227E-01
   5114.56484553      -1545.44352693       62.3553731362    
Cd             399
     5.827329086        -5.022109103        -2.499159060    
   1.88749476816      0.136914170179      0.423065942746E-01
  -4408.85386814       495.443198972      -4019.43167614    
Cd             400
     3.165591385        -4.149551269         2.223292316    
 -0.676960403321E-01 -0.543114394608      0.366954995393    
   31.6327353792       3507.97575581       4542.89576965    
Cd             401
    -2.452542667         5.669204542       -0.2585801087    
   1.34178264203       1.73862147271       1.78204346849    
  -1497.85154517       2302.92427489      -5051.53685780    
Cd             402
    -2.923528751         4.543160973         4.083135106    
 -0.587289618744      0.464067405530      -2.38587090034    
  -1855.73130297       8633.02143174       1899.57579930    
Cd             403
    -3.771369694         6.425664346         6.183078062    
  0.694702289159      0.765915443597     -0.251434566591E-01
  -6160.91434592      -21409.4039971      -11932.1869422    
Cd             404
    -2.603450617         4.877556924        -7.671439215    
   3.17511358534      -1.05505097797     -0.102861620357    
   2911.13403376       9526.25744905      -754.692586449    
Cd             405
     1.402487701         1.571628734        -4.170108579    
  -1.95225874718      -1.85589455549      -1.36035156717    
  -564.598741235      -6982.97277699      -2187.68476246    
Cd             406
   -0.4483097035         1.924754310         1.543111857    
  0.719605268754      -1.04830871969       1.41126301741    
   2462.93541958      -3188.67721874       108.821771074    
Cd             407
    0.8937320651         1.909343795         5.041758325    
  -1.51904202375       2.42457840453      -2.67533881602    
  -664.114647744       853.806404021       1817.13262542    
Cd             408
     2.301295497        -1.505020735        -7.260676298    
  0.300116323771      -1.31152510040     -0.285307495494    
  -9172.14820874      -291.773351235      -8750.07354437    
Cd             409
     4.672555300       -0.2255968034        -4.183781927    
 -0.473496504234       1.18258448360      -2.94833463400    
   5711.70810507      -1415.90417466      -3622.82983819    
Cd             410
     3.647702394        0.8568240898       -0.5672230351    
  -2.14515876911       2.02674863389     -0.234508912109    
   5243.78394193       3277.93172252      -2129.75405274    
Cd             411
     6.322739294        -1.242648372         2.726894970    
   1.21636374091     -0.879059261331     -0.977860495444    
   1475.43844727       355.822153461      -3932.16477288    
Cd             412
     7.071206773        -4.315008971         1.197004607    
  0.732509602723     -0.415905962405      -1.31389800340    
   205.442310796       893.800317789      -2670.09794179    
Cd             413
     1.566945310         5.215786434        -5.882702027    
   1.15781881056      0.796879845574      0.456720835702    
   2348.43102299      -3067.21184157      -5186.48014066    
Cd             414
    0.6110218348         7.962218536        0.1833045527    
   1.05055756644     -0.247338578479     -0.509985001607    
   1712.41895967       978.090346420      -2351.31376009    
Cd             415
     4.171441003         3.987427301        -2.841367106    
 -0.661120570988       2.75671307858      0.745699907796    
  -492.019588581       854.909605395       4691.94627675    
Cd             416
     2.399684250         4.084113458         1.181246041    
  -2.68956531901     -0.569953548575     -0.435712731492    
   2673.16351401       174.290592393      -4412.85561461    
Cd             417
     8.775572733        0.5925674985        -2.734540416    
 -0.143866909393      0.172411008606      -1.19318546772    
   6560.35220860      -5248.85636167       7729.61606140    
