CONFIG file generated by makeCONFIG on 2020-09-16 15:30:30.067789               
         2         1       441  -48411471.7278    
     19.383000000000      0.000000000000      0.000000000000
      0.000000000000     19.383000000000      0.000000000000
      0.000000000000      0.000000000000     19.383000000000
O                1
     5.555142484         7.599939791         5.043290324    
 -0.546005050013       5.52313368467       4.81373766134    
  -5547.52868929      -3058.25912358      -6096.29224580    
O                2
    -9.148956726         7.108583742         3.647091601    
 -0.367558642586       2.52168127267      -2.10591508937    
  -4263.37217929      -1489.61958853       6049.05158578    
O                3
   -0.2023233304E-01    -6.659534830         4.444719743    
  0.293137094876      -8.67523448138       3.68586515504    
  -9863.91585769       3240.90388519      -7381.99591931    
O                4
   -0.1465770239        -5.185422946         8.585882467    
   8.33148582463       3.06382021203       2.12520391849    
  -5707.23221584      -11211.3079938      -1505.18519298    
O                5
     6.665239116        -8.059060925        -2.015172302    
  -1.66335851369      0.786081334102       6.50968525423    
   1481.10085696      -39.5569327525      -7772.73481789    
O                6
     7.993814738        -6.953648410       -0.3247307279E-01
   2.66190891898       3.24814579407      0.512844379300    
   2983.21777481      -5312.77348333       1828.20875310    
O                7
    -5.540508723         8.127441890        -1.479107823    
  -1.79713801908     -0.991610152113     -0.397578781688    
   593.686978220       3698.04902082      -11932.1996946    
O                8
     9.157870202         7.170342966        -8.397601833    
   1.89932340191      -2.94565895823       1.27957326711    
  -766.131942030      -4309.64654821       19214.2412985    
O                9
    -9.525957489        -6.406728812         4.556482333    
  -3.46122637594      -3.56787043882       2.54880581826    
  -6578.33555879       6336.78119441      -16107.6399666    
O               10
     4.784678721        -9.445336564        -5.465109139    
   1.29837681640     -0.334713408133      0.518695630800    
   7423.24680705      -464.002048337      -830.896972064    
O               11
    -1.998848274        -9.402867066         6.690517290    
  -3.87946962151       3.62304306706      -2.04926142521    
   1162.39343681      -7453.67142783      -5567.72552707    
O               12
    0.7107880233        0.2298916514         8.581948621    
 -0.545774635161E-01  -7.45349336086      0.692990158815    
  -3356.98764703       4202.09664490      -390.882736368    
O               13
     7.830361411         4.094885679        -4.529764298    
  0.753446269987       1.57781816187      -6.14310631544    
  -4120.94054271      -10656.5239421       7580.18246902    
O               14
     5.619411019        -4.001410201         5.263154915    
   3.22913212042      -1.54462408372      -1.27658321046    
   861.880044131      -9654.54093520      -6579.39240479    
O               15
     2.952072037        -8.749834094       -0.7435913637E-01
 -0.722878058290       1.35851849395       3.62548894528    
   2550.78214815       2050.66945452       4046.14498270    
O               16
    -5.678988478         4.449950319         9.686215859    
  -6.65097785705     -0.186284723356       4.46724303773    
   4187.88919746      -5275.42623569      -9924.93944404    
O               17
    -7.191522772         3.254430639        0.3619853344    
  -4.25030679241     -0.334131567968       1.03261565191    
   3111.35678983       4794.07172931       397.661807771    
O               18
    -5.834059086        -7.370814217         7.612336804    
  -4.51407338832      -4.42744330461      -2.66850086126    
   9201.62777229       5991.65406433      -5067.19859635    
O               19
    0.4000907422         1.731882643        -8.731736703    
   1.31402287932      -7.27162997193       4.27454626646    
   2951.10038553       4612.06005169       354.094534858    
O               20
     8.830076124         7.910632507         5.755623134    
  -4.64370153981       2.76892825737      0.861094707086E-01
  -8380.12941531      -4490.17409224      -1168.49407067    
O               21
     4.216096596        -8.262857030         2.278768740    
  0.588424785676      -1.01746657909      -2.11332653603    
   819.221606217       5640.52573911      -1994.32871741    
O               22
     7.556639223         1.783066479         2.789252008    
  -6.02951152365      -1.40202074812       1.16862563722    
   4985.24000986      -1630.80455891      -288.251355679    
O               23
    -5.704031103         7.187247204         5.516643042    
  0.614412087638      -4.33861746527     -0.578549765526    
   4116.86847114       1645.65139174      -10245.3131127    
O               24
    -8.607689972        -4.185457022         3.676225771    
  -2.86946732211      -3.73888549476     -0.576858323087    
  -2070.96173211      -14945.4249034      -5478.07501562    
O               25
     5.815018241         1.583793600         5.274566388    
   3.36742294029     -0.583624013826       1.40387281319    
  -7072.56147223      -5698.75382339      -8273.11174509    
O               26
     4.767501638        -6.784099059         4.366917982    
   6.29589512036      -2.66910122539      -2.44822064280    
  -1962.86233933      -8329.65872663      -7727.14550006    
O               27
    -7.137990882        -8.039876808        -5.270756754    
   4.62296775515      -8.97230107394       1.16045997067    
   2211.18178095      -2572.20882695       7880.53171451    
O               28
     8.584595676         6.087526025         1.880313412    
  -1.35052971827      -1.11283959882      -5.17618187076    
   566.710382006       8316.90930186      -5089.72212590    
O               29
     2.906113178         3.961525005        -5.370204193    
   5.01291251612       1.22880880449      -2.16453019743    
  -1046.11256383      -6917.28906661      -13776.0009466    
O               30
    -6.493513315        -5.396079738        0.4713401236    
  0.134549576414     -0.554288450070       3.58621396073    
  -2972.33221813      -12726.0740855       2933.99558014    
O               31
    -3.683296044        -9.151778129         2.532204203    
  -3.75040262618       4.58255261853       1.36189162081    
   1837.17087677      -3962.88189948       1389.50588258    
O               32
     7.208010802        -2.636949698         6.851691984    
   3.06734053674      -2.01393123817       2.25514223136    
   7375.55078292      -1950.38188307       8777.15423873    
O               33
     3.634255201         9.587237154        -8.590529706    
  -5.64630913522      -1.55390858194      -4.08623679539    
  -7387.06546357      -3197.34107485      -965.549946671    
O               34
    -2.970742026        -4.580842640         5.347252993    
  -1.19124528023      -5.13253639243      0.513236075678    
  -5221.92550155      -4424.78733631       2572.73969488    
O               35
     7.712050748        -5.966630138        -4.540628776    
  0.274579701414E-01   7.58492208882      -3.92436724936    
   1970.01116587      -8457.30383529      -1470.85388752    
O               36
    -5.988666540       -0.7552477152        -6.598002314    
 -0.655966142605      -2.63940972580       2.21471836863    
   1657.95666458      -410.524401805       2649.12476489    
O               37
    0.4166958180E-01     8.525677427         7.237558021    
   7.35646446482      -1.29376921985      -2.61188357230    
  -4304.06225444       2762.79174911       2500.71313267    
O               38
     9.630956739         2.259949421         8.331760223    
   1.01566804127      -7.62934548093       4.40153993491    
  -8878.61978026      -10551.4231086      -4312.36186762    
O               39
     5.691231652        0.6509647772        -7.859540711    
  -1.88745677885     -0.673455417859E-03  -8.42419715067    
   11242.5230162       9537.64392365       2357.26581983    
O               40
    0.1950337908E-01     6.675906477         9.054799052    
 -0.631045507159      0.876574284653      -5.62712199432    
   1970.06411732       9656.83111741      -666.766378079    
O               41
    -9.423645404         3.486037304        -5.848069703    
   1.67184285211       1.22519111770       4.85872577785    
   16549.8077584      -2958.80377944      -11825.3352224    
O               42
     7.461905715         1.304501781         7.312053862    
 -0.113670292980       1.35952488387      -2.45734451668    
  -2037.91266922      -5016.34884114      -5877.03412202    
O               43
    -8.008864733         1.476189698        -6.979980984    
 -0.671094613425      -2.22755563091      -3.02319306876    
  -5623.50415303       5200.17797412       995.307405210    
O               44
    -9.420247682         6.486455370        -2.770652007    
  -2.53773921643       2.78101956846      -1.39783062212    
   12381.4281385       1467.77391273      -268.340794569    
O               45
    -4.081950893       -0.6744267575E-01    -9.680280667    
   3.23932949965      -7.65096686934      -1.32924149457    
   2694.82198163       5232.33982004      -673.588755424    
O               46
    -5.507616690        -4.634846462        -7.460011480    
   5.32741010944      -4.30875126880     -0.657136883092    
   2606.89149727       8286.50272406       12156.0109435    
O               47
    -3.525258172         2.050891762        -8.079369203    
  -1.40799115235      0.442973164560      -2.08098604875    
   8529.91493893      -3145.94547383      -51.9805005215    
O               48
   -0.7694181198        -7.693396857         8.087691084    
  -2.17652955335      -2.90292208956      -3.16650009278    
  -10245.1288684       9947.85227501       3501.81870859    
O               49
     8.124975368        0.7447441599        -9.625841890    
  -1.77924005938       5.16838344045      -1.32747003557    
  -4780.21459846       4531.58858322       2711.72944849    
O               50
    -1.619271900        -8.848853227        -7.630725449    
 -0.979273192898      -1.74967273114       5.93099978797    
   3642.99133338       5379.59812108      -4037.58351482    
O               51
     5.873359638        -8.648434007         8.997544838    
  -5.14403385384      -3.74640658065      -4.94827461128    
   7699.53097032       4098.86037383       6486.30421256    
O               52
     6.506179605         7.219066721        0.2677261254    
  -2.53449443295      0.859166479440      -4.45451421972    
   1267.24133444      -1340.61336640       757.514609858    
O               53
     3.171495270        -5.254635769         7.632788720    
  -3.58198880924       4.12484783152      -2.37347570949    
   5416.17501780       8527.82118272       8241.35171375    
O               54
     8.768899070        -1.167745048        -7.483733282    
  -1.86458802600       3.21349971020       2.67560048457    
  -2616.42323284       6748.84781654       3588.76663451    
O               55
    -1.874175816        -7.646342623         1.389203760    
  -7.15009668692       2.46181639097       5.73607451830    
  -9836.83496351      -1753.29077763       10960.9593190    
O               56
     7.599492827         4.356146300        -6.954004144    
  -3.16011630085      0.160236543765E-01   5.92180065318    
   5515.74816390      -4044.09813064      -5740.81941861    
O               57
    -6.580606585         8.481640104         7.731986795    
  -2.99163182779      -3.97690961600      -5.10594418091    
   478.360944192      -2186.62718507      -6559.82395352    
O               58
    -5.290793929        -6.233271216        -9.432363087    
   3.99374062977       5.54505299669       3.00865467414    
   4849.50120458      -16689.3822299      -3530.37507702    
O               59
     2.081467392        -9.331755152        -5.541934357    
  -5.87467349378      0.248227993808      -2.65395289755    
   4759.95409035      -2350.17669467      -1038.25299555    
O               60
     9.678910018        -8.307170382         6.266561207    
  0.336729429540E-02   5.72126704757      0.355557407336    
  -4921.55122522      -1414.42827343       3302.83610723    
O               61
   -0.3951812988       -0.8899881708        -8.898474343    
  -3.97869341522      -6.65684313507       3.84234941936    
   1972.71426108       6463.61628524      -936.278354679    
O               62
     4.118562924         7.659666010        -1.205867116    
   12.2139366670     -0.649389360933       4.65208602467    
  -2137.27028155       5484.41317733      -4652.96853505    
O               63
    -8.988369576         9.287447883        -9.394487139    
  -3.18433060073      -7.79098248541       3.15827131981    
  -5578.76253980      -3750.78196227      -1088.13980002    
O               64
     1.737550632         8.858309950        -1.594922476    
   6.57716542140       2.08026428220       1.90897626865    
   7740.04457934      -4051.72164183       119.924857438    
O               65
    -4.693336366         8.218210254        0.9995981955    
   4.26304931842     -0.993876061327      -4.01222566198    
  -15761.7676636       1484.99154433      -1178.43150238    
O               66
     9.371465080        -3.374501783        -6.640581378    
   1.41146495737       2.49073874434      -2.07522045431    
   1981.08773309       7793.04577173       6479.77818903    
O               67
     3.724591896         2.427747102        -7.277715085    
  0.369159370510      -1.41751397867      -7.27691638621    
   6260.42306414      -12497.2829049      -6697.28613408    
O               68
     3.926736021        -7.883888249         7.502768160    
  0.211640081100       2.80820954918      -4.80083250963    
  -3911.82551319       2153.82925805       23.4123079000    
O               69
   -0.8882511505         3.374888841        -7.286203568    
  -3.76668208727       2.11544073724       1.85900717315    
  -2287.39734613      -250.561252045       6603.35453505    
O               70
    -6.042382117         3.125128930         7.261450244    
   2.76337264240       1.85571669013     -0.125746580107    
  -5362.64050071       763.541223989      -13718.2579861    
O               71
    -6.990047272        -4.299543232        -9.490523892    
  -3.07341022075       2.69396050316       2.34778283689    
  -10383.7717408       15097.9358370      -1267.47881076    
O               72
    -9.051647401        -8.449080782        0.6712162463    
   9.83358863991      -1.23592535134      -2.22298527189    
   225.897400676      -1776.60795766      -7308.52802635    
O               73
     9.665060567         3.272148900        -8.745043882    
  -1.87021523791      -3.63864455877     -0.388148447902    
  -1922.74110526       2418.41014293       6787.91337901    
O               74
     1.692671777         8.639457705         9.237979236    
  -1.85414561118      0.295162837778E-01  0.294516418228    
  -6217.61638845       5279.39839667       9733.91064572    
O               75
     5.421375748         2.855277752         7.499398934    
   4.78357239692      -1.14312203372      0.128494362662    
  -8072.82148248       439.181212854       3677.40543058    
O               76
     7.658597555         5.610281284        -2.451176684    
  -3.74306184509       3.92799877558      -5.45058987245    
  -13666.0976539       3294.41795663       3065.07637741    
O               77
    -3.171475838         7.324453055         7.290418103    
   4.60059709151       2.49276511298       5.04221276567    
  -1260.77165733      -4477.79975137       4605.69436892    
O               78
     8.276456603        -4.715401356         3.247410705    
  -8.94830575878       2.77640068510      -1.58260417575    
  -18509.4235321       8449.16419570      -1039.06617013    
O               79
    -7.438611633       -0.2176671744         6.938709246    
   3.65564421039     -0.689005680597       1.85806883146    
   10998.9176436       14515.9578425      -3802.83302954    
O               80
    -2.252739907         8.751636848        0.9712523663    
  -1.72352748567       1.73923231211      -6.93586984199    
   2416.21641307       7545.68243487       5607.96297741    
O               81
    -1.191149551         8.096660328         4.961950194    
  -10.0471247210      -2.71626900548       2.10430748513    
  -1723.33266717      -10963.4380203      -13258.8905642    
O               82
    -7.171836374         8.909522716        0.4088605003    
  -1.64043452872       3.07851332048       3.92941657990    
  -4286.31523181       5120.48485042       11780.5624593    
O               83
     7.110349978        -8.136856533        -5.954568344    
  0.325591966123      -8.82974171572       4.03418746648    
  -1161.29478567       8965.22541237      -3576.44837747    
O               84
    0.2406109416        -9.044958732         5.416711005    
 -0.851831220653      0.251992046959     -0.497633712278    
  -1080.10593947      -7420.67373873      -2459.11525796    
O               85
    -8.814586497         8.703061727        -3.758528234    
  -1.31213602568       2.48762007269       2.82276311015    
   381.431526923       7817.87279550       5895.22550354    
O               86
     2.666576951         2.950010805         8.121760000    
  -4.28000364480       6.01827650081      -5.19133078925    
   10230.8727971      -10771.6158722      -4439.82337255    
O               87
     4.499829539         4.374279591         9.388138642    
   5.31626271702       3.22360787771       8.52902277966    
  -9431.40605094      -2630.33830255      -5199.90476059    
O               88
   -0.8994770674         8.938441383        -9.554843392    
   5.31689119661       2.00209686632       4.98343143193    
   697.416776762      -2607.90214942      -5690.91452956    
O               89
    0.1934263576        -9.056302866       -0.1096210426    
  -2.60568231349      -8.59831992791       3.03280883082    
   11200.0900737       692.655395995       6438.63096249    
O               90
     9.566668959       -0.3484396548         7.906828746    
  -8.10252204779      -2.28899154676       2.39643258613    
  -2089.69093549       233.854137606      -6778.09084123    
O               91
     7.298523815        -2.239174092         3.011091811    
  0.974268236763      0.779566649586       7.17640489066    
   2225.47432506      -3988.04132050      -8446.18091448    
O               92
     7.004106366         9.601727308        -4.136135151    
  -1.59502025701     -0.593509986758E-01  -4.69955879564    
  -1491.83758769      -1036.76263235       5033.23477762    
O               93
    -6.556083208        -8.071098962       -0.7972734309E-02
   2.32186775861      0.232410795523       3.25836370302    
  -159.074212548       11589.4675134       7979.86187284    
O               94
     9.315685965         4.947548716         6.874904565    
  0.823109485805       4.16224058579       3.95824276478    
   3120.62633878       14680.1499631      -7049.90130257    
O               95
    -7.998654373         8.457337613         5.522225442    
  -5.63997828418       4.79264219194     -0.706658017231    
  -1528.27076402       7064.16198466      -3466.52761964    
O               96
    -8.019699732        -2.141233110         8.585220498    
  0.484903535801      -1.68679387358      -8.57637186996    
   3947.96496743      -3166.84057496       13595.7122602    
O               97
    -2.958652384         5.764799653         5.254951617    
   6.61818715774      -3.58516044598      -1.99743694816    
  -3944.46345822      -7022.28752601       7354.82576078    
O               98
     6.295777047         8.865911759        -1.745684871    
   5.88531681499       1.98778728315      -1.46795101579    
   3950.58145055      -5096.82021407       1448.07922910    
O               99
    -9.554716985         6.961588678         8.569721297    
   4.82653232629     -0.357929577173      -10.9947096615    
   7536.18867171      -5838.50768557      -3016.20595330    
O              100
     6.970112865         9.520872328         3.996224150    
   1.21833320393      -2.24470340731       2.98745768525    
  -8143.90083416      -1870.01381244       4839.11911276    
O              101
     8.730869193        -7.095313349         9.407461416    
  -4.29734055865       2.93391871741      -1.56765423005    
   2346.66422989      -7378.31531245      -863.392002025    
O              102
     4.265594107         1.802790764         9.686992051    
  -5.50167591034       1.17974625594     -0.302938248378    
   5241.05332371      -1258.30741132      -2918.38181199    
O              103
    -5.936636192         2.287577959        -2.720895272    
  0.957553759118       3.55016742415       8.85899974424    
   13620.8398971      -364.322181420      -4174.53889249    
O              104
    -4.905054521        -6.546604289         5.329512161    
  -1.70680858796       6.74190336080      -1.31613750271    
  -6513.06104047       11417.1701881      -3239.66562253    
O              105
    -4.170760436        -5.181076800         7.992865387    
  -3.13135184274      -6.41551951720      -1.37948500703    
   2505.50062280      -16427.8530661      -4966.46470543    
O              106
    -3.473521657        -7.794713714         8.447893791    
   4.80973608693       4.27738403009       6.32948023210    
   10291.4017287       11450.7112882      -2683.50769595    
O              107
     6.418756773        -5.565240582        -1.493809238    
  -2.23923684589      -2.39798301497      0.142914629649    
  -6594.66148371       10199.0485501      -2517.36963700    
O              108
     5.591932828        -1.471223496         5.277619838    
  -2.33926823828      0.183748474352      -7.23441876962    
  -9112.88335893       18800.6893309      -5175.46324129    
O              109
    -1.484019621         8.116229900        -7.080320350    
   2.94601023928      -5.93419117925      -1.46860922882    
   3422.82653018      -15444.1650048       2470.58351007    
O              110
     2.362984701         6.411552816        -2.713952942    
  -1.84280320203      -6.76651032445      0.654236689406    
   2492.55955174       23660.0787206       5179.89310535    
O              111
    -8.239718506        -2.295967396        -8.218564059    
   8.16294047804       6.34449028692       4.58987667033    
   3575.45191815      -121.520936642       223.155758038    
O              112
     3.265214882       -0.1315062826        -8.037515372    
  0.804415092321      -1.72633923603     -0.226243096402    
  -3746.03946146       5745.32127352      -4577.00986585    
O              113
     8.147334775         8.630329882         1.783989101    
  -4.28006539821      -2.91307040740       2.35958834538    
   1519.93135689       3723.82871513      -4721.65481900    
O              114
     8.153728839        -8.118109720         2.596742842    
   5.23098704597      -2.10049778729       1.46532209090    
  -6084.88329606       4944.68096527      -3932.75003485    
O              115
    -6.378108146        -2.408088784        -4.634905672    
   6.11431089182      0.613512107782       1.57073914340    
  -3598.26725891       6193.71073811      -5032.33556303    
O              116
    -2.612449123        -7.015363213         6.179799918    
   4.28434696332       4.04758947090       1.36753989472    
   6075.13319426       6639.95715509       2273.58309467    
O              117
    -4.528064312        -8.698079722        -5.931284433    
   6.28059507535       8.01890133293      -2.46025211742    
  -11082.7522516       579.663878408       15479.4975327    
O              118
     6.591249910        -5.646391389        -9.588044902    
  -3.10143126233       1.06217779421       2.61955238242    
   3433.95396574      -1534.31917978      -5329.30096499    
O              119
     6.928073956         8.861896674        -6.745581750    
   5.39956818825     -0.917681324938      -4.58602130243    
  -5388.04008015      -4383.72513566      -3897.72712310    
O              120
     1.662676541         3.889005906        -7.769912384    
  -3.49764638363      -2.64267147519     -0.671017543184    
  -4178.07511012      -5107.31544547       2138.93844132    
O              121
    -7.358494370        -7.630602493         5.451489570    
   3.20069435125       5.53918625147      -1.42458478950    
   3975.93335163       777.603069329      -7202.56943178    
O              122
    -8.488399711        -1.264629800        -5.796300665    
   4.57087792438      -5.45949036352       4.03406940373    
  -1249.53899127      -11112.5329832      -8377.58548850    
O              123
    -4.183110683         4.886175022         7.571465232    
  -6.01940625219     -0.448266493493       3.36524433685    
   9846.09798701       1866.96565221      -7743.84032220    
O              124
     3.398675572         7.770159331        -5.908389081    
   5.61433616967      -4.23956667895      -8.09648421675    
  -3240.86573395      -1219.99548412       555.727988532    
O              125
    -8.904524100        -2.222763120         6.177640070    
 -0.484889061640       2.43961474570      -2.37194116135    
  -7573.81847307      -3148.72262560      -3534.08187735    
O              126
     9.622883314        -7.105551448        -5.883277761    
   3.51490920408      0.818062447620       5.13542990586    
   1490.43369000      -6704.60811035       3821.76310501    
O              127
     5.403448807         4.870504070        -3.712159665    
  0.923862923648       4.39641515946      -4.92559774514    
  -6510.56235504      -3021.23398840      -9433.87174258    
O              128
    -7.573205391         2.095995519         9.540777024    
  -3.55617862243       2.31918218649      -2.45859435522    
   3656.28299533      -3835.35229937       5466.97553011    
O              129
    -8.415690052         2.009021350        -2.997624675    
   2.46025150664      -7.11535036553      -2.92123111053    
  -5826.67585691      -5957.64989207      -5486.13742925    
O              130
     5.817804010        -4.396016765         2.309908556    
  -7.38612217965       5.83411490381      -1.80359313254    
   4142.32615395      -1087.32252929       8051.77460113    
O              131
    -7.708045813         6.278260944         6.825341168    
 -0.630914960284       6.71226420771      0.116025116102    
  -11930.2340932      -9547.94830298       6552.85049874    
O              132
     4.477952379        -9.332204570         4.615287271    
   2.35287943312      0.926901344246      -3.61534625877    
  -4048.14862909      -8426.82099701      -3245.26412296    
O              133
     1.802815416        -6.957737087         6.222644872    
  0.595919472200       1.89029812686       3.12359060865    
  -4870.09289648      -9077.78451418       12423.4687154    
O              134
    -2.194029710         5.725213823        -9.380210287    
  -2.65370272591       5.74032903125       7.09482774623    
  -9279.48719903       3273.96684626       8626.16346458    
O              135
   -0.2856432997        -6.904455589        -8.761156305    
  -5.30914316229      -8.72238992738       6.02559284176    
  -1423.86750671      -2987.46738669      -11857.2898616    
O              136
     4.091293690         8.979467216         8.380635364    
  -6.89442770410       1.98789206958       3.71393332579    
   7087.00211460       2244.71243391      -4096.28317534    
O              137
    -8.649371845        -6.013651494         6.898724784    
  -9.05815956277       7.71337987344       3.24455827051    
   738.739329071       1726.70032333       4755.23773789    
O              138
    -6.930673347        0.2663259214        -4.355068900    
  0.197364822399       1.35834357395      -1.66688060734    
   4618.58216266       5729.06584618       7525.92071837    
O              139
     9.563877428         9.544840117         3.824394298    
   1.90553629892      -1.51633431327       1.34659690710    
  -3657.80886179      -4095.60981030      -6393.08425387    
O              140
     8.723935874        -9.510529685        -2.249215598    
  -6.61130618565     -0.614468979896       3.81355693151    
   4606.96586018      -2173.60125350       274.263869272    
O              141
   -0.5452461886        -6.936848041        -6.088527043    
  -6.13738412189      -2.33760007022      -2.92315378314    
  -3308.63614864       2999.87056115      -7659.92442499    
O              142
     1.675684499        -7.036729591         8.814169500    
 -0.814398837716     -0.483841539984E-01  -4.53013506881    
   4095.99262637      -2947.51874438      -5753.72744687    
O              143
    -8.990801943        -6.333853606       -0.6913656104    
  -2.17391696799       6.48562016087      -4.52327522123    
   4789.22210049       1589.40253255      -4126.25299485    
O              144
    -8.512641517         6.500515131        -5.269594531    
  -5.79487307428     -0.658199662191       7.57549444592    
  -1719.99033886       3973.45441263       5971.09371703    
O              145
    -7.422830342        -6.362923183        -7.958794764    
  -6.75563878296      -2.66674552431     -0.272249128448    
  -3674.19420208       1469.28111894      -3795.51674971    
O              146
    -6.609593285         6.515590597        0.2725133661    
  0.114600303854     -0.899348196215      -1.35005726588    
  -3383.46495226      -31336.1233126       5273.63132730    
O              147
    -4.156511055         2.505308029         8.905286670    
  -5.03576214224      0.212324123091       3.27453971405    
   10830.3004374      -6308.00651358      -5188.59944092    
O              148
     5.957094390         6.193879662        -8.916045099    
 -0.775620406865       5.12508735635       4.76317239406    
   5524.64521160       1509.20300390       1691.97098895    
O              149
     8.877012673         7.074422373       -0.4900106434    
   4.31531111132      -3.99795131420      -3.88221680527    
   2603.18025832      -2834.76026259       5813.23011891    
O              150
     8.014894816         8.611697411         9.208095937    
  -2.59472820006      -2.17014572211      -2.72479168511    
  -9766.43998327       9653.54056982      -7965.06139116    
O              151
     4.010101245         5.001644189        -7.624664894    
 -0.187313176731       5.72175054795     -0.978992624982    
  -6088.97720325      -9135.61847988       14047.8510608    
O              152
    -5.125996099        -9.043199259         5.660805135    
   2.00999322077       5.24362765403       3.35994270100    
  -4041.20200627      -1604.28829066      -4969.23286599    
O              153
    -8.100730101        -9.366977200        -1.622500976    
  -2.20176816040       1.92194831060      -2.87575417878    
  -6307.29716420       99.6487836834      -3415.45921552    
O              154
    -5.817041439        -1.977125701        -9.405263717    
   4.64080870285      -2.61680531209       5.06130046778    
   7822.90772543      -3986.73043798       845.062056150    
O              155
    -7.036244740         2.755566562        -5.066081434    
  0.759338284504       2.83066990998      -4.49028466520    
   1825.71722837       6210.69781713      -412.782650999    
O              156
     5.357765733        -7.428845142        0.1170084472    
   10.4312439640      -7.60319253559      0.871036409208    
  -1347.06576220       3216.63542657       76.4195959045    
O              157
     2.052422415        -2.810292609         7.946640334    
  0.884483329966      -3.49031186210      0.177293840970    
  -3123.82506481      -4733.36112440       966.306364685    
O              158
     5.898395806        -9.599447241         6.582492880    
   1.76785555171     -0.559585126497      -5.34105527141    
   2019.57365909      -5242.34102703      -3141.61645910    
O              159
    -4.467724755        -6.973442523         1.298863311    
  -6.71258391379      0.145932639215      -7.73353295021    
   1303.91908452      -4553.02176594       6141.62657364    
O              160
    -2.666025440        -6.567139327        -7.647560090    
 -0.907081588077      -3.11061109425       7.60641766822    
  -8207.16920933       15036.9006009      -8304.87027226    
O              161
    -6.709312531        -7.238025186         2.461177176    
   2.92339421239       1.86977426820      -7.12993954825    
  -2742.75144854       824.417349022      -1842.96515799    
O              162
    -6.566341718         9.204376498        -6.560364679    
  -5.15185650643       5.42044073131       2.65827308873    
   6867.25747791       1691.82495465       2446.62274763    
O              163
    -3.107392193        -2.278252805        -8.591957185    
   1.95201104664      -5.26835986376      -3.36068133499    
  -7243.80283477       6169.50309497       1946.16218785    
O              164
     4.628927834        -2.936055408         7.362481661    
  -2.66608503210      -3.50832438105     -0.698094979996    
   1571.07892559      -4124.94744453       4868.83389349    
O              165
    -3.449921634         8.915043160        -8.630523241    
  -1.84399869465       2.16394094351       7.05492977673    
   1733.43145819      -2159.20500493      -2206.75391702    
O              166
     3.767380461        -3.578809581        -9.639458670    
  0.653612124024     -0.443599592685     -0.193567105278    
  -7010.47225693      -196.360012611      -8902.14259306    
O              167
     7.551511257         3.396087694         5.876278361    
 -0.542103642150       2.31763538660      -6.25811087889    
  -16485.7089914       2264.77719994       5643.16717268    
O              168
    -1.557942126         5.309133174         7.578707807    
  -5.24812389758       3.79038736335      0.844489517773    
  -10095.3414615      -345.139755129      -7281.94649651    
O              169
    -9.390984613         2.917324649         5.372549896    
   6.06774854921      0.514367696817      0.297188304583    
   10059.9900722       7916.27271617      -2690.72598774    
O              170
    -9.069438698        -7.939785621        -3.552502503    
  0.204528038495       2.03338585176      -1.80735211940    
   5350.53549337       517.507861206      -6818.20603081    
O              171
    -6.873522080         6.875849238        -3.309696124    
  -5.85142394942      -4.54187065270       6.79044715494    
   4800.66094044       11012.9612700       783.415194467    
O              172
     5.232480871         9.407824524        0.5089928044    
   1.53643169439      -2.08764915515      -1.83696887306    
  -6248.76656633       8749.83336714      -6694.92323007    
O              173
     7.987200412         1.872331077        -6.282103022    
   1.73625414632       3.65693827175      -3.93078194675    
  -51.0911660187       4942.02038715      -5473.12129632    
O              174
    -7.931827685        -5.599109260        -4.697538548    
   2.83694790130      -3.35386671066      -2.20128597136    
  -5945.56330643      -6719.48582094       2510.21058601    
O              175
     7.819715722        -3.662463493        0.8632610308    
   1.34516338868      -2.58367569957       1.72906522145    
   4595.21460314       4544.37669752       3552.14308327    
O              176
   -0.1330606517         4.226973505        -9.651974361    
  -10.3404083843      -3.08658874223      0.892795560210    
  -1145.78284708      -9317.86638161       1977.85512170    
O              177
    -4.238359268         7.038847992        -3.594219300    
  -2.23790353800       1.22006380460      -5.64719642288    
  -12908.1991338       5086.51708062       3151.13575780    
O              178
     6.566644369        -3.609557288        -8.069845364    
  0.449336798754      -5.76849923270       2.30426285923    
   887.443283043       7050.75445439       10154.3568551    
O              179
     2.263317496        -8.044712083         4.017195123    
   5.37342273619      -1.27977003489       1.07253483027    
   2416.26518047      -1470.70215673       236.367660886    
O              180
     7.621627151        -5.864281747        -7.117310300    
  0.128242684425     -0.809905934852      -5.17146032616    
  -15364.8463873       399.538931149      -7118.62450413    
O              181
    -8.541611775         4.848743556         2.401255452    
   1.14226148896     -0.792372547012       3.85533936377    
   2557.56030952       4938.07404401       2287.01975187    
O              182
    -1.772117264         1.112737719         9.521832053    
   3.99165123533      -1.45175282035      -5.61546062899    
  -9176.20389987       3540.57748888      -686.820722417    
O              183
     3.356345975         8.777864774        -3.610170179    
  -3.39699234938      -5.06105700418      -4.78286926105    
  -2247.04099411      -7604.30064199       19856.4360284    
O              184
    -8.511480581         4.470655395         8.717836585    
  -1.19030087952      0.781050855033E-01  -3.14559570417    
   4210.09058045       8750.35923410       3637.78171745    
O              185
    -5.179655482         5.489847806        -7.371387651    
  -1.76146149679      0.282271965036      0.149287626070    
   13558.9040493       7449.61811520       3216.12619237    
O              186
    -5.854119215         9.237522660        -4.002237963    
  0.204938192519E-01 -0.301018547413       11.3860170536    
   8574.75820257       1191.94234412      -384.359009840    
O              187
     3.600261736         6.954938382        -9.310206506    
   1.13549676144       2.62263906724      -6.71397040270    
  -6642.35753940       542.303328825      -4926.96812951    
O              188
     4.984202032        -5.774419842        -7.482398148    
  -3.06619551625       1.81353412794      -1.21571717720    
   6024.67738989       1449.62697223       4361.80136322    
O              189
     8.953116232         4.962991643         4.231565687    
  -10.5961469362     -0.577678237127      -4.66548937164    
   1595.54949481      -307.310281701       12596.2583476    
O              190
     9.576135347         4.548025807        -1.122216655    
  0.937307645900       4.00500095895      0.725491488142    
  -6003.83373402       11043.9218233       4299.37866065    
O              191
     7.596449998        -6.031825891         7.250527238    
   2.56872197388      -4.93631338525      -7.38010617504    
  -6594.69338772      -4550.45426272       289.583136728    
O              192
    -7.139168926         6.346701101        -8.723205270    
   5.40679504750       3.08900179512      0.351846186058    
  -1816.37580769      -4206.14391674       2313.77084314    
O              193
    -7.159113461         3.956957991        -7.366109542    
  -5.26516220715       1.29718497534      0.398920792084    
  -7117.52232417       6238.21625013      -10916.5591743    
O              194
    -3.135831111        -6.664778227         3.541980211    
   2.11439702715      -4.06979554266       2.26736462682    
   2334.93295437      -806.284874832       6057.43951491    
O              195
     1.476269388        -7.928777131        -2.071595243    
   9.59657203018      0.483596914376      -3.44525548473    
  -96.9954713692       6858.51478914      -4217.48475977    
O              196
    -9.499211824        -6.093941845         1.863361489    
  -1.06331339641       1.21949763474      -4.31138715288    
  -509.346899316       3154.15846382       1729.78126478    
O              197
    -3.812363374        -2.377751465         8.373156104    
   3.10382670356     -0.778770360801E-01  -3.40623730395    
   1424.01892254      -10141.0576172      -22884.5395830    
O              198
    -3.565022412         7.622784406         3.186501234    
  -4.28030682832       4.75984105140       3.32296999072    
   6434.56421853       17130.0084319      -4440.18936164    
O              199
     7.078916557         6.554410193        -4.807798342    
   8.19597543946      0.505695313497      -2.45615496621    
  -5167.11524111       1482.01091154      -958.357429421    
O              200
     8.865646441        -4.533679803         9.075507799    
  -5.42321004137      -5.67456643844       1.87594815001    
  -6944.09785628      -3847.54400052      -6328.37400333    
Na             201
    0.5243854660        -7.994078673        -4.342662480    
   1.19868197270      -4.64466726689      -4.75771736692    
   2859.17589853      -898.557988473       1105.71938588    
Na             202
    -8.341410543        -8.407867602        -7.908130518    
  0.757866919182       2.73609082339       2.59533543297    
  -591.293729249      -1861.96349730       1899.76934622    
Na             203
    -4.504107149         9.325895396         7.649262678    
  -6.07451749199      -3.30943476973       6.64790820612    
   2622.01764671      -2329.77671305       2829.10018423    
Na             204
     8.817998887        -4.320229211         6.436917540    
   1.22281193593      -8.32977174527       4.08503263541    
   512.543816105       1361.92885126       143.198650057    
Na             205
     8.476625320        -2.198607240         5.012051606    
 -0.325829445626     -0.112820320110      -7.18253345497    
   2093.70303290       1191.60002404      -1934.99025951    
Na             206
    -4.498415931        -2.765305569        -6.475641839    
   1.30923290438       3.34228344806       2.56956228519    
   1453.03398509       3878.46379984      -1377.66960688    
Na             207
    -2.365318831        -8.951818511        -4.972314080    
   1.97518615932     -0.954101147218      -2.09187223858    
  -170.508281867      -1743.79283563      -3699.84091137    
Na             208
     9.280238625         1.434188922         4.093628607    
  0.161512205795       1.96422965172       3.68555570614    
  -1520.64395415      -3383.96627151      -3968.70608765    
Na             209
    -5.950611998        -8.380466386        -2.163933683    
  -3.42894906590      -1.69444583788       6.17727202300    
   1635.15868949       714.140034537      -3452.63805267    
Na             210
     1.145742902       -0.3320441364        -6.922521944    
  -2.85370887883       4.04330761085       3.59644048205    
   2955.06192617      -1893.04424758       73.1845354768    
Na             211
    -4.203799488        -8.283172771        -8.147270738    
  0.332310701279E-01  -11.5807485148       1.86474943587    
   16.2621892932      -1127.00022467       223.281055607    
Na             212
    -5.081406772        -1.791021167        -2.407614947    
  -1.46856371182      0.427739378564       4.64329189653    
  -1482.50991964      -1047.18318504      -2470.58056530    
Na             213
   -0.1870429746         5.528509836         5.319452524    
  -4.01263819630       1.58210114037      0.399781815061    
  -133.344743639       255.118160095       2848.75098675    
Na             214
    -1.451133488        -5.949690066       -0.1474116244    
  -4.04880715708      -1.92875446529      -1.90655959970    
   200.695473304       694.848670300       2131.33910307    
Na             215
     4.717658133        -4.833484363        0.4132782690    
  0.953187720746       1.03646556972      -3.14856254005    
   941.855885815       2309.96173173      -2524.23434450    
Na             216
    -3.804028257         8.510710529         5.328608399    
   1.94666503771     -0.614850288964      -1.83177815406    
   2379.27992809       671.101513973       2127.88366861    
Na             217
     7.292479284         6.629794898        -7.059382627    
  -1.29796637427       2.73260076901      -2.48481924928    
   2289.11991327      -2873.93171657      -6535.51418501    
Na             218
    -3.319695126         4.374891069        -8.123605163    
   1.55870345464       2.58999429983       5.86818015457    
  -2401.86978975      -2503.19321043       2140.81438304    
Na             219
   -0.7612917250        -4.443536346         4.506783731    
  0.940333695058E-01   4.84313810189      -3.49378491076    
   1699.86288730      -2727.63073530      -2049.59951031    
Na             220
    -7.984203620         7.747599008        -7.114553178    
  -3.62219256329       2.66116906950      0.995585686525    
  -3017.85153469      -3350.89788777      -3417.64392494    
Na             221
     5.322385349         6.741500455        -6.468844005    
 -0.657055315678      0.831192014773      -3.27222962252    
  -2019.99493936       1310.45246804       1937.44365572    
Na             222
    -7.950408625         2.089001113         6.774210284    
  -1.49533722842       4.50572637086       4.01924292938    
   1040.18261544      -2960.51717839       1758.63246232    
Na             223
    -1.454944600         2.392285113        0.2704089470    
   1.48002854587     -0.925258476823       1.35977329697    
   1876.85145319      -1678.55399352       1130.96732741    
Na             224
     6.558741753        -6.593283036         2.401152655    
   7.41357941923     -0.727746948430     -0.567594830005    
  -1339.00098888      -553.910998737      -414.240068470    
Na             225
    -9.622188792        0.5713547339E-01    -3.872948131    
 -0.760141532110       2.41839458248       1.11902179771    
  -363.388433330      -1108.58080277       693.885608232    
Na             226
   -0.1821416628        -3.093361193         9.469319139    
 -0.325443951658      0.299479896095       3.77395339581    
   1371.48378212       1741.78271811       288.009581313    
Na             227
    -2.501177279        -3.940864143         7.495013634    
   3.06533617638      -3.65038495716       1.28894977549    
   2106.25885500       2938.65798405      -1766.79735162    
Na             228
    -7.033873840         4.214922779         5.165994793    
   5.19698707378       3.55992953560      -3.56836917705    
  -986.640794572       560.286252036       5528.89449769    
Na             229
     6.074821111        0.8973028913        -5.499575907    
  -3.11058201791      -1.84157306538      0.424462371379    
  -1010.43412289      -353.616754400       496.787011303    
Na             230
     2.240969883         8.694967737         5.023311937    
  -1.48412190532      0.249080598451     -0.679117186058    
   84.2757700087       3183.02246184       645.194359792    
Na             231
    -1.473643773         5.963534751        -6.707301991    
   2.86563139033      -5.08580172313       1.34851965892    
  -1037.19972482      -2557.15019524      -2764.01529573    
Na             232
    -7.764864888         2.438114351         2.446296840    
 -0.459069783273      -1.13811409555       3.29569370879    
  -916.573085566       393.285699507      -2419.64104459    
Na             233
    0.1041729582         8.206909767        0.9658730966    
  -1.11628361076      -2.16302582599      -2.87361563605    
   460.858051790       372.277602350      -647.745345861    
Na             234
    0.3452265113        -7.594800525         1.946440979    
   4.63225010638       6.32934156893       1.81216897618    
   1117.94852135       889.927810097      -28.7508844463    
Na             235
     5.494331711        -6.058169385         6.446569094    
 -0.144569682728E-01 -0.374225854073       2.58521269721    
  -1476.32872962       3207.38037114      -838.117050257    
Na             236
     1.982968167         4.810845379         8.542037710    
  -3.09848591297      0.889133035398      -7.08428766678    
  -6890.17975440       10047.0605335       2645.25156244    
Na             237
    -6.599562382        -5.491744859         3.944834009    
  0.250579724768      0.225779182423       2.90505369847    
  -1117.00939245      -1913.44112722      -734.595855349    
Na             238
     4.762498098        -7.632970979        -8.672004867    
   7.52731782864      0.808358667119      -2.91616789677    
  -389.478349100      -3808.19699491      -2323.62650613    
Na             239
     3.392239053         5.755307353        -4.488747031    
  0.564777530050      0.578286317152      -2.36830720133    
   3233.32724720       7445.37283020       712.703087906    
Na             240
    -6.379248452         9.644274192         3.756301992    
 -0.768709164645       1.18599818869      -6.28355320854    
  -172.881029295       877.667485230       323.065538326    
Na             241
     7.485114801       -0.3228127255         1.684560374    
 -0.514948266546      0.543728247545      -1.41946496342    
  -68.3585230110       3948.88045665      -487.393127463    
Na             242
     8.993364920         2.869123867        -2.788348828    
  0.766857047725      0.484664152920      0.985814893277    
  -2222.41229725       4050.06324424       105.651961377    
Na             243
     7.772461941        -8.927391200        -8.728315782    
 -0.801501591451      -9.64169577326       1.94272107017    
   635.522244830       3868.13596054      -1253.32284942    
Na             244
     8.731055976         7.581707506        -5.917364111    
  -5.36714179574      -4.24744752886      -4.59214049919    
   4023.12694907       1393.46578589       874.803399982    
Na             245
     1.600843049         4.730010060         1.818817199    
  0.204219361410E-01   2.97797123236       3.47420016287    
   1372.78217618      -2934.77820721      -660.570771418    
Na             246
    -9.310209679         5.338659279        -7.462937335    
   2.28302356708       1.21641131430       1.85571751797    
   1414.59922812       3337.68625527      -558.920704279    
Na             247
    0.2257235629        -2.731924863        -2.043007047    
   1.80467111056       2.12496193211       2.30770981251    
   135.131071041       276.230986923       286.124284971    
Na             248
     7.976948285        -8.833909647         7.780414227    
   2.40698441447      -2.31201943351       2.03891720965    
   2160.66770418      -839.777946448       1093.86543887    
Na             249
    -6.526587794         4.383626470        -1.649910341    
   1.80397400232       7.79913252639      -4.56291125702    
  -3299.29282718      -1058.16356076      -654.179418417    
Na             250
    -2.667810805         3.500859277         4.412048244    
   2.16278223678      -4.46489880408       2.39896871903    
   801.000335752      -721.798888863      -61.7941839296    
Na             251
    -8.814799634        -8.037038850         3.235486011    
 -0.839022461868      -1.46080640575      -3.20248187126    
   6950.98324760      -1887.30527095      -7029.06635365    
Na             252
    -2.988692802        -2.490414683         3.882739553    
   6.66232609600      -2.82183111266      -2.85592502709    
  -1707.27955859      -1004.93209560       845.302625345    
Na             253
     8.780683086        -6.122006875        -2.508388695    
   1.54305030755       3.18323179911      -4.47036581014    
   1908.05620286       1478.82133173       264.360519266    
Na             254
     8.754098218        -3.996353528        -4.375534913    
   3.32106999421      -1.44891000603       2.55092862297    
   3399.58769682       73.9895542370      -2930.64498560    
Na             255
     3.309991821        -2.255646030        -3.432167369    
 -0.860107227606      -1.99463842704      -2.43662171707    
   90.2051000983       777.528813638      -2727.32910174    
Na             256
     7.610943993        -7.370656619         5.202958977    
   7.04022049202       2.46312046043       2.45692497202    
  -499.590677517      -660.831481129       1231.85093846    
Na             257
     9.354536054        0.9679794367        -7.884081291    
  0.325618749039      0.628750318382       2.07188216879    
   3870.60045703       1291.37810450       2897.98350334    
Na             258
    -4.013611152        -6.124152089        -6.042353238    
   3.04615612886      -2.82927452382      -1.10015582860    
  -3010.03424056      -185.823783682       723.117780046    
Na             259
     8.805155143        -2.264878200         9.001044303    
  -6.59158419488       8.36865608480       8.95030464163    
  -1948.76855966      -1636.23722328       2309.21569610    
Na             260
     2.383237514        -1.364905092        -9.618551831    
  -7.07298382709      -4.13695785546     -0.174700805351    
  -3107.63655214       1774.18421456      -1838.13615792    
Na             261
     6.522259219        -3.143967959         8.937680374    
  0.821447467122       1.48452314976       2.82323345942    
  -1441.70627175      -2197.00674926       5617.47694877    
Na             262
    -6.202755614         5.066192954        -5.336353363    
   2.93348308048      -2.12091684175      0.590894941896    
   235.969541945       2652.64078805       1135.30036701    
Na             263
    -3.207771148        -4.406659183        -8.803183957    
   2.05550353744      -6.46454629230     -0.715833562585    
  -8.00331071787      -8030.79364395       2665.73578705    
Na             264
     9.350274914        -2.042034798        0.3964485347    
 -0.200196877993      -1.93963383278     -0.333748501496    
   1552.76690104       605.044178255      -2292.43367448    
Na             265
     7.019352470       -0.3009594063E-01     3.993359777    
 -0.234695658902      -2.75984355427       3.17210842774    
   171.845915121      -2437.39092162       3904.17696518    
Na             266
    -4.111555083         7.143370708         9.681945481    
   2.97547478123       7.88372455026       4.86510150046    
  -1115.74634515      -3879.06643608      -3552.85727105    
Na             267
     5.012714673        -2.309169435         2.946387936    
 -0.712323927746      0.270334725498     -0.527036661410E-01
  -3061.41791454      -1941.64599663       4610.52243114    
Na             268
    -5.172303360         1.443305781        -6.656030725    
   2.32408649530     -0.300395419958      -3.30307483105    
  -250.980242870      -335.843716286       1504.12904950    
Na             269
     5.748189826        -5.338340738        -3.701342642    
  -2.73539872038      -2.34181775455       3.00716204224    
  -1410.82045571       3202.01396382       989.575171202    
Na             270
    0.3614871390         2.996369315        -5.198142646    
  0.395852672214       2.06822562246       2.03988648636    
   1074.59311434       1784.69085618       2289.31841216    
Na             271
     7.086843739         2.850733244        -8.588464980    
   2.26515802050      -1.85060372608      0.115942103682    
  -82.0803156762      -2777.19107325       235.934646835    
Na             272
    -8.451455689        -4.157443579         7.673142455    
  -5.84945833074     -0.816466685729       1.56211660631    
   1617.40955308       1858.64051863       2325.75803229    
Na             273
     7.102495843         6.107166816         5.179849468    
  -3.17286405551      -4.45393799008      0.691351410224    
   1022.80677732       454.791671540       60.6552069259    
Na             274
     2.907020097        -4.737883082        -7.616497157    
   5.39127170319     -0.999251177418E-01  0.379623172555    
   42.1855323499       1140.79517787      -334.246080254    
Na             275
    -6.696383770        -4.185288155        -5.642234935    
 -0.959397628414     -0.764922539841     -0.409761746116    
  -1557.05540839      -3847.42847263      -7963.55785875    
Na             276
    0.7973259906        -4.462993912         6.667739914    
   2.11476834963       3.57301345176       2.60206637248    
   2682.59590471       535.313753183      -2507.40397377    
Na             277
     4.179172888        -7.178167109        -5.731096214    
 -0.699849505172       5.27013727148       1.83650217292    
  -239.778492322       259.568614651      -1570.52101519    
Na             278
    -7.335433065        -3.685312783         1.633761063    
 -0.205871906309      -5.04191449975      -1.81064256763    
  -1276.17919466       1520.59630522       377.890471106    
Na             279
    -6.588388686        0.4393276269        -8.493862906    
   1.15975659238      -2.05390379686       3.47043011396    
  -1919.15965536       72.0692914909       890.187595579    
Na             280
    -5.585055733         1.996913561       -0.3481574054    
   2.88248003673       1.78329166091      0.667418356002    
  -537.230660645      -2288.61669597      -1029.42438852    
Na             281
    -6.213221417        0.8533129117         8.384075076    
  -5.75859534719       3.39208756965      -2.66160004741    
   3799.85189279       1576.81804104      -700.267316447    
Na             282
     8.099530723         5.140080840        -9.309914091    
  -1.92979564472      0.356472193193      -4.26382669963    
  -904.499593566       3264.75578748       2582.15798327    
Na             283
    -8.274917329         5.166542815        0.2116599319    
  -7.06450646571      0.269571872847      0.611390025834    
  -606.782280059      -1048.66843918       2141.97466592    
Na             284
    -8.607318713        -9.512336415         7.726712651    
   3.66046844420      0.207282116064      -1.88676213352    
   1745.79685783      -4361.07459054       1729.30985956    
Na             285
    0.6939513287         8.344299584        -6.305991306    
  -1.03840719175     -0.947097477115       7.09582659203    
  -714.405837790      -1681.04226890       1566.83037316    
Na             286
    -4.470073804         7.753957683        -6.835746205    
  -3.97270736368       5.36197220292       1.13989858288    
  -1645.32243923      -846.890834321      -637.423879542    
Na             287
    -8.400409106        -7.122643950         9.043508157    
   2.32191272559     -0.990975807926       2.04422058172    
  -287.261107875       2136.56848593      -590.805926156    
Na             288
     7.849737824         3.785730368         1.154872663    
  0.581604160874      -3.69737258788     -0.548220934877    
  -1177.20883555      -3794.22596554       2016.05401546    
Na             289
     3.879981279         5.107345952       -0.5217929059E-01
   2.71511749872      -5.88681224423      -2.89621936166    
   1730.43217663       1805.53775187      -1756.74790796    
Na             290
    -5.607443627        0.1018402579         5.329598304    
  0.706573157171       2.83517633976       4.89345764072    
  -3794.53232891       982.104432785       1356.76402563    
Na             291
     6.906296523         7.571423394         7.379154364    
  -2.96271877090      -3.90514562729      -1.49342650382    
   3385.80528700       874.599436373       2056.72604688    
Na             292
    -9.035225604         2.467212337       -0.7120125766    
  -2.09452615262       5.73825691453      -8.37500489779    
   1724.57554464      -2690.35279531      -1189.75725545    
Na             293
     1.656767088        -8.516180469        -7.706941899    
  -2.29955249831      0.121595100194      0.969680859804    
   1035.52424344      -441.404215311       269.089600192    
Na             294
     7.171962318        -3.317606577        -1.321156190    
 -0.564747754523      -1.18635966900       1.60960041587    
  -387.293005490      -883.916359270       408.117269795    
Na             295
    -9.632666092        -5.260434641        -8.176132202    
  0.164595154755       6.77897580605      -2.50928211277    
  -909.004133874       39.6470542316       1051.15569936    
Na             296
     6.242749634         8.665309277        -9.018098129    
  -1.51794679971      0.437524586461       3.97962979397    
  -5922.96489232      -2586.30271089       3310.24222943    
Na             297
     2.653456119         2.902917589         4.881637558    
 -0.812403485226       4.79095651292      -4.87062728307    
   3160.58492034       341.744909143      -692.073548769    
Na             298
    -2.622609016         7.639500003        -1.243072195    
   4.94301899178      0.595390539894E-01  -1.35204311888    
  -11.2979469338       997.168883094      -65.9984823887    
Na             299
    -6.819685352         8.648865198        -9.368305424    
  -8.52132685469     -0.585549770764       5.49582300890    
   932.118608940      -3342.24449293       741.564054479    
Na             300
     4.439220813        -2.175830236        -7.952307598    
   3.33727214109      -1.84034967492       2.21796411314    
   4156.87769891      -42.1441679795       2159.03574803    
Si             301
     9.650869212        -5.383613556         3.332783972    
  0.874860617766     -0.505249079317       2.07213234496    
   18040.4612826       10483.3130053      -4973.46545492    
Si             302
    -8.436096881        -7.098243460        -4.902841285    
   5.04289885923      0.693466570232      -4.55154163129    
   3639.21269544       4187.68196174      -5136.81441606    
Si             303
     7.997746890        -6.786175703        -5.869828488    
   4.66461543825     -0.812009968004       3.17268611001    
   4717.06288525       6841.60446764       672.293984919    
Si             304
    -1.319275529        -7.219245314        -7.528428859    
   5.17767929429     -0.355173390550       2.85049931361    
   16291.7981494      -10596.0364502       13755.6057465    
Si             305
    -8.495396834        -1.213820667         7.337093762    
  -3.30587703258       1.22889500149       1.66766248409    
  -5850.90980501      -5811.28593184      -6084.64715386    
Si             306
     6.334377813        -5.154023694        -8.012896760    
  0.187330231308      -2.03636594588      -2.55428081189    
   6093.38122905      -4424.55645837      -12842.5589998    
Si             307
    -5.105795642         3.763474697         8.267876568    
  -2.49428314616     -0.578499072087      0.159287572199    
   1844.17770256      -2862.43378211       20256.1129632    
Si             308
     4.208442342         1.107074779        -8.255947814    
  0.281444104623      -1.32972576804       1.75854291884    
   3133.38740263      -6166.69895289       10219.6705942    
Si             309
     3.396131757        -3.605934997         8.186644441    
 -0.443712817440     -0.677071222329       3.01640811390    
   6833.20336612      -6978.00236889       2352.49943199    
Si             310
    -6.293115583         5.057316608        -8.371796102    
   1.76178517805       2.31927792826       3.57481225895    
  -7158.85836883       7981.92808979       5638.82597101    
Si             311
     7.282626723        -3.658516014         2.322417254    
  -2.81853644949       5.83100324071      -1.93451495985    
  -432.868478234      -8994.33967057       2261.19340479    
Si             312
    -5.852426702        -7.699493759         5.915806077    
   3.77506412978     -0.120497772966       2.99215189226    
   3105.77166684      -4606.22816176       17379.0850975    
Si             313
     8.397797983         3.465470115        -5.904298432    
   3.15143737019       2.14956947423       1.84840961948    
  -15928.8961225      -1705.87843055      -4461.37636733    
Si             314
    0.1124147241        -6.713808166         9.019890997    
 -0.296592613833       6.67072645944      -5.13545028973    
   540.789949058       10754.2419712       13030.3260415    
Si             315
     4.218609255         2.971252256         8.540379640    
 -0.618186383150      -1.06183210494      -3.50162296215    
  -9904.51110928       3202.31614637       6786.94592259    
Si             316
    -6.919528703       -0.9719981619        -5.374131133    
  -1.90883443652       2.83736509491       1.62199858297    
   1201.64136192      -5360.27303179       4452.71798707    
Si             317
    -7.230140294        -2.689767794        -9.449407678    
   3.25434298242       2.66228093233      -4.00424523211    
  -7194.00374714       4767.65771684      -5099.37009382    
Si             318
     4.394095292        -8.613788970        0.7478686625    
   1.26337310775      -2.40515474100       4.81240063659    
  -5742.09853934      -4940.78363074      -4246.42706725    
Si             319
    -7.944413401         2.949304832        -6.425260000    
   1.49312516526      -1.53140523382       3.88670596868    
  -2827.08378366      -10743.9626512       1448.50849080    
Si             320
     7.931321571        -5.927067235         8.761014495    
  -4.59029247642       2.39896144255       4.76835094048    
   8198.88450797       12064.1028388       17540.1069266    
Si             321
     2.860837754         7.914052527        -2.282551098    
  -4.78490217287      0.874436814338       2.48301733781    
   2233.71077432      -10319.2982496      -1922.83311111    
Si             322
     6.420742321        -9.633735216        -5.616013598    
   2.89699470260      -1.28420025321      0.406029646376    
   1483.59082426       13980.9735367      -1069.98371866    
Si             323
    -9.683542040         5.712594760         3.074291286    
   1.06521468399       1.54841142175      -2.28022181504    
  -3821.05145353       2230.52049661      -14582.1401923    
Si             324
    -5.958018562        -9.227541298        -5.462104230    
  0.200889818734      -7.25819297641       2.85272017710    
  -7672.51213014      -1554.98262787      -11170.7198382    
Si             325
     3.348268213         9.164276837        -5.158905367    
  -6.58996307074       3.43714091112       1.76659241676    
   1000.88198936      -2188.53966512      -10791.3026181    
Si             326
     5.475963137         8.197086687       -0.5359865578    
  0.791168601925      -3.01413646433      -4.67475490944    
   80.4221557510      -5622.96667302       7841.37314548    
Si             327
     3.072561155         3.832191757        -6.990513031    
  0.816012011970     -0.139347205142       1.22982695165    
   1654.70372406       6358.39593650       11984.0160661    
Si             328
     5.803049616        -2.703515291         6.194231646    
  -5.74372211743      -2.40479885231     -0.566518817047    
  -9894.15605382      -8667.16505193      -9030.01242628    
Si             329
     3.920914870        -8.050977950         3.839135109    
  -3.38181579070       5.19787826197       3.11558309676    
  -7640.46033329       2376.44748072       1267.29431722    
Si             330
    -1.936551165         8.986278524        -8.242838931    
   2.63729407395       2.45199067858       1.29066538766    
   1987.12243307       20953.0293633      -1930.02950997    
Si             331
     8.016614687         7.318079804        0.8758905823    
   3.73719349572      0.883894598058     -0.193004288718    
  -3208.84617926      -9891.69517014       2625.19944614    
Si             332
     3.215714982         8.507674750        -9.670259807    
  -1.22721748689       1.11382333588       4.27405501439    
   8533.70521551       2662.25264916      -3999.95653974    
Si             333
     2.697654506        -6.797247262         7.555579736    
 -0.142194496540      -3.30443491973     -0.441286824369    
   6385.14613458       744.048626532      -3234.49505656    
Si             334
    -3.005863346         5.814295701         6.914672867    
 -0.238009043916      0.579633201489     -0.334575615707    
  -2339.65656809       8878.58047298       1347.67171855    
Si             335
     5.730396722         9.106753920         5.027621959    
  -2.92477936224     -0.146701097507      -1.88693511270    
   8318.66357949       14559.1584000       974.280978479    
Si             336
    -7.068544148         1.831412664        -3.752480383    
  -1.13714175277      -1.58303468227       4.14299530502    
  -360.101321411      -684.262821079       10938.8836554    
Si             337
    -3.329309543         1.390481784        -9.532601622    
  -4.94438159775      -1.74895916803     -0.641699271174    
  -13198.4777571       10069.7470562       531.680055195    
Si             338
    0.2705599380         3.307172883        -8.374751855    
   5.89679499418      -1.52672177059      0.538980302383    
  -3718.63076745       1908.01589795      -2720.33311482    
Si             339
     6.894851639         5.310128036        -3.884532244    
   4.18417342662      -1.35304671632       2.23760895403    
   6883.96044417       1905.92296562       5905.27319809    
Si             340
     8.989143020         5.945656351        -1.678048429    
 -0.127894565639       2.40729829717       2.18191802467    
  -1673.13964724      -12186.6489439       55.8206961658    
Si             341
    0.9517951998        -7.675229427         4.981386458    
  -1.63823176886      -1.03034420928       1.58279320179    
   15823.4489269       9856.76176485       2268.65409305    
Si             342
     6.492930499         2.303102614         6.478143303    
  -2.15367846966       3.48569100079      -3.91444885408    
   4788.85858688      -1910.17983607      -6634.26900040    
Si             343
    -8.934050724         5.707622195         7.799090610    
   2.51515464633     -0.632331287043      -5.47994390483    
   4391.60893854       5545.95748672      -830.340201265    
Si             344
   -0.3024051650        0.5477394600        -9.611809070    
   4.67857182710      -1.35534580900       2.47487286795    
   12038.6266342      -13609.0658443      -4076.83872988    
Si             345
     1.506161695        -9.006591701       -0.9608128702    
   1.66108281083       9.34589845918       1.58246203513    
   8118.35347235      -6793.43865716      -1396.17034847    
Si             346
     9.523329296        -6.923402076        0.4857054404    
   5.61931981330      -3.28297256478       1.83462504728    
   4814.85666182      -2588.48500549       8336.49866560    
Si             347
    -4.171035443        -1.722200102         9.682771641    
 -0.338963067948E-01   4.56009460334      -2.67711714782    
  -3564.31527106       10995.5992501       12968.9840926    
Si             348
    -6.337905086        -5.397164207        -8.519732768    
  -1.65453830869       5.90732002806      -2.55351697304    
   4067.14060177      -12486.7618361       1035.33806119    
Si             349
    -9.465349864         8.360092624         4.802667237    
 -0.374650073607      -3.27968891314     -0.585061765209    
   16463.2345404      -6499.23452149       3095.11260175    
Si             350
     8.185110875        -9.608198020         2.929364484    
  -4.45422839063       3.16596480847      -1.61889196994    
  -2290.97557724       936.654869534       4500.78259752    
Si             351
    -6.015065392         7.886804706        0.6618190627E-01
  -5.74557276351     -0.918153927762       3.47176108075    
   11530.0837437       2965.88712232      -1452.38013232    
Si             352
    -8.866137255        -7.070714648         5.813431475    
   1.12479735916       3.52994219971     -0.504610041001    
  -88.0939160296      -11238.0004454       17226.2554442    
Si             353
    -6.891050601         7.655198985         6.417083343    
  -5.90245467505      -1.32202205476     -0.360586820366    
  -990.316756737      -2865.06139850       11436.0026526    
Si             354
    -3.507786657         8.716756636         1.949969108    
 -0.195569346388      -1.23248814014      -1.54710766745    
   4099.31221233      -9585.08871414      -2331.88797429    
Si             355
     8.635188297        0.9334125740         8.261347243    
  -4.38344501002      -3.35672885985       2.79926023764    
   10507.6890519       1214.77080857       12394.6664234    
Si             356
     9.333169103         8.061314899        -9.637468621    
 -0.250363805798       3.64037777971       6.05590204295    
   15477.6657365      -4577.50715491      -6276.24866564    
Si             357
    -9.181242858        -9.368639854        -2.775273362    
   3.23575458702      0.966513992239      -2.85299689898    
   2843.32500615      -3818.57784302      -16090.0525521    
Si             358
     7.158987615        -9.492390628        -2.589500826    
 -0.845284882806      -2.37620080622       1.60022821026    
  -4580.62134630      -4054.54324684       4145.71401689    
Si             359
    -7.775932735        -9.136318814       -0.9391433780E-01
  0.656770062934       1.50696388162      -2.29210927308    
  -6185.64386583       11970.4387288       8407.13174893    
Si             360
     6.565696752        -6.931190564       -0.8726303149    
   5.55336924424       3.22565960920      -4.61848476868    
   3472.33165741      -5262.95572975       6451.05911376    
Si             361
    -3.355841533        -6.090940821         5.044649579    
   5.27058085352       2.27749894150     -0.832476351141    
   3780.09225429      -7410.54026599       1034.90371309    
Si             362
    -2.194654156        -8.009619299         7.357140788    
   3.85908151808      0.333860124095       4.95854583620    
  -1967.49948596      -2374.43459892       3398.20766157    
Si             363
     4.998965492        -9.140796909         7.865058980    
  -1.83038546270     -0.380198054157       1.59638111458    
  -9020.20219041       629.929325237      -301.672238133    
Si             364
    -8.400015195         7.080025331        -3.794439768    
  -3.53487305721       1.38759764662      -1.14210853439    
  -4445.87255120       739.089140932      -20882.4017856    
Si             365
    -1.005609956         5.455905658         9.095199727    
 -0.802369559716     -0.915435447582      0.414526076637    
   9328.04663187      -3148.00907898      -5006.74048666    
Si             366
     8.928440413         4.065068856         5.600560700    
   4.03421910864      -2.85796483220      -1.96269812326    
   7779.72045354      -13192.4919544      -982.465386233    
Si             367
    -4.637986321        -6.635346772         8.563143993    
 -0.733886986170      -1.10249781543     -0.108326506693    
  -13653.5176693       4621.46803971      -8176.90034300    
Si             368
    -6.096561691        -6.850224389         1.067088720    
  0.421774683800     -0.120061541593       1.36777611330    
   12264.5641046       2619.62579549      -3693.97808159    
Si             369
    -3.221384475        -7.621229709         2.284226844    
   3.64295083867       4.06898269493       1.06318373825    
  -4006.49011518       14552.3251136      -18860.1427038    
Si             370
    0.1869258291         8.313223891         8.793467286    
  -1.93291006982       5.88195114737      0.741791621923    
   5891.25346745      -15644.5212459       9006.38076872    
Si             371
    -9.316098897        -1.982444544        -7.020140780    
  -1.99034482875       3.21175670669      -1.25563904357    
  -3666.30863735      -5293.93410390      -1649.66509840    
Si             372
    -8.776613161         3.050256462         9.409153873    
   2.13860236989      -1.94644463805       3.28581022496    
  -322.794719180      -4988.26226849      -5237.87291702    
Si             373
   -0.7564500560         9.107926508         5.994287298    
  0.857234145021      0.466404718026E-01  -3.45448185950    
  -1746.76375339       13744.1020355       8501.70582623    
Si             374
     4.511824172         5.627943944        -8.975776423    
  -2.83085062755       6.07091896495      -4.08582007296    
   10813.7409695       14527.6010892      -8635.38588518    
Si             375
    -5.536880131         7.894803804        -3.120647536    
  -3.41301890722       1.82916303538     -0.652780436072    
   5300.63661890      -14413.5125115       751.812124820    
Se             376
    -5.823872541        -2.953444577         5.435938070    
  0.612336920069     -0.269770303741       1.49022854065    
   10109.4051184      -4965.21115110       2436.88523617    
Se             377
    -5.192835666        -5.295256211        -3.005195873    
  0.418515133746      -1.85571262563      -4.29260402272    
   6344.87855472      -7095.84195692       3529.72425371    
Se             378
    -8.419783841        -3.460889353        -2.212638424    
  0.979418963146       1.27647084642      0.803918007873    
   1971.61896832       5246.61223073       2898.38636980    
Se             379
   -0.8154645194        -3.006207227         1.681411687    
   1.16361169930       2.15470291631      -1.62649094505    
   1799.91463291       394.553162663       665.832551082    
Se             380
    -2.848090069        -8.464356192        -1.785052213    
   3.22206693964       2.43614427418      0.571046905245E-02
  -734.331416100      -718.743093449       740.942648060    
Se             381
     1.696019882        -5.036000438       -0.2773861841    
   2.75699861271      0.199430167528       1.92505826308    
  -389.960949323       661.309773824       10108.1355879    
Se             382
    -8.323594148       -0.9522939351         3.014604611    
  -3.04741088589      0.648421592551       2.65991767863    
   1756.67676313       2681.40257428      -376.304170028    
Se             383
    -1.839472702        0.1623178788        -6.051316479    
 -0.788104648452E-01  0.846362100074     -0.475983816238    
  -380.676868918      -2199.13267069       4914.27881464    
Se             384
    -2.909817567        0.7021990044        -2.217982113    
 -0.867517904851     -0.974648333415       1.99356616935    
   1717.58744521      -5038.56724341      -1031.61318190    
Se             385
    -1.867426909        0.5165967964         2.994477709    
   1.14102334572      0.655876929804       1.85115660235    
   294.717284126       1045.00196129      -586.526013693    
Se             386
   -0.2835389909        -3.507118465        -6.668390715    
  -2.25030128498       1.56348602099      0.696971474442    
  -4513.94276633       437.362238010      -5396.06272052    
Se             387
    -1.380445220        -5.289385893        -3.256350799    
   1.65679803502      -1.16205662742      0.320288513989    
  -1435.25380287       559.365590013      -1155.68190074    
Se             388
     1.175652489        0.8633577774E-01    0.4849049365    
   1.31888071406       1.44799475797      -2.19078344863    
  -5496.18609465       5691.71041798      -2105.58213874    
Se             389
   -0.7851853782        -1.560287707         6.056516221    
  0.230410448999       1.53136979817      0.224818793892    
   1806.83086907      -6055.84868954       3988.98003051    
Se             390
     2.279254270        -5.208325523        -4.189547603    
   1.42073080396      -2.99456917091     -0.493936097112    
   1376.49071660      -4683.48577236       1361.94750476    
Se             391
     2.562123181        -4.327586219         3.480918849    
  -1.93515001761      0.968071704369      -2.85055223501    
   1948.61853716       2226.48899697      -3380.90095142    
Se             392
    -3.400029007         3.532499359        -4.814149359    
   2.70028810260     -0.842860969166E-01 -0.785149206948    
   1887.36078751       2917.77098591       4651.16894970    
Se             393
    -3.487720106         4.405890861       -0.8580001493    
 -0.144674177645     -0.830402504764      0.949100559120    
  -8896.69712362       245.961999734      -11728.7747524    
Se             394
    -5.123907094         4.713952219         2.747744887    
  0.884501907706     -0.932688251247      0.166123086729    
   1390.73745389       5346.85839930      -2708.53909943    
Se             395
    0.9674468790         3.744097275        -1.294767309    
   2.78191822472      -1.43900368714      -3.41326064451    
   4073.46032063      -16454.1080688       6388.96902134    
Se             396
    0.8993380284        0.3255215457        -3.346939841    
 -0.304783983043      -2.39713938624      0.217933187248    
  -11507.1282868      -1680.27914414      -1442.17065484    
Se             397
    -1.292381858         5.601584311         2.089546469    
 -0.945609403013     -0.558872486001       2.59718617556    
  -9505.96943604      -4760.22513609       9775.76533119    
Se             398
   -0.1782359136         2.290850060         6.085399941    
 -0.766915164478     -0.872399513213      0.110312392648    
  -9733.56490872       3123.10457047      -2804.65345025    
Se             399
     6.344438082        -2.184283970        -4.986946715    
 -0.984097801439       1.70861685203       1.09182474364    
   180.907029436       789.201905034      -625.349251917    
Se             400
     4.503246567        -1.510430439       -0.6615363621    
 -0.192956015283      0.956841089912E-02   1.08635825205    
   47.4195727162       572.300415284       5582.75045816    
Se             401
     4.336069400        0.6469431519         2.608535695    
  0.533048515650     -0.711116570472     -0.442487130236    
  -3743.18332798       1056.13232175       2543.17927088    
Se             402
     2.780452271        0.7093624410E-01     6.291562062    
  -1.39674524223       1.22593722967      -1.61353884385    
   11777.1719541      -3414.35104195      -5504.49373604    
Se             403
     7.809401004        0.3824539388        -1.328222330    
  0.263890176777       3.10053577610      -1.48992579178    
   1114.79385117      -4260.37417475      -1590.16293964    
Se             404
   -0.9388532817         6.261140493        -3.654764742    
  -1.69156290111      -1.83191540157       2.13345103953    
   5184.74072422       1954.92048661       343.133871922    
Se             405
     2.876517246         5.844452094         5.843458067    
 -0.438228572699       1.36445821955      0.658459718900    
  -665.246373166       701.977302495      -957.217595646    
Se             406
     2.964486546         7.424865155         2.275727072    
  0.396645194984       2.61366341110     -0.978135836178    
   2871.67847611       380.012722049       3293.93158365    
Se             407
     5.350027279         4.404934003         3.250219670    
  -2.32141226319      -1.48509282222       1.29884385680    
  -6385.13946156       12418.9070387      -3322.02045244    
Se             408
     4.456413311         1.849962682        -2.660804605    
  0.179277400965E-01  0.524844825235       2.46268431240    
   3820.87919947      -6821.49118271      -273.329519803    
Cd             409
    -6.873923812        -4.150436736        -3.957384687    
  0.910309073409      -1.75009336030     -0.900775012524    
  -8954.19296056       3470.25333889       6872.08860062    
Cd             410
    -3.223157929        -6.413118923        -2.699541366    
 -0.553207374522       1.52356929471      -1.10729163631    
   592.418705468       2687.28402477       1968.21951747    
Cd             411
    -7.534652752        -5.117069210        -1.074209354    
 -0.917316707112      -1.41040889349      0.544865991627    
  -6062.83285492      -5820.47489451       5459.89168751    
Cd             412
    -4.090895662        -3.702507544         6.769916397    
  -1.39094923928      0.848149235259     -0.969109354455    
  -1120.84204345       2721.56403661       6575.51059519    
Cd             413
     1.739154414        -6.088288266        -2.158824001    
  -3.60392328769      -4.20608540547      0.420923055710E-01
  -112.968442265      -2311.26190693      -11516.3832241    
Cd             414
    -1.612187275        -9.027442624        0.1460424802    
  0.563571908870       1.00517294432      0.961068017639E-01
  -7019.96012211      -251.362446677      -5788.77328279    
Cd             415
    -4.065884500         2.561968588        -2.695239904    
  0.772371368915      0.181138394674     -0.481371574261    
  -159.853775747       1671.48956528      -1591.33400492    
Cd             416
    -1.370886409        0.2656526977        -3.800735790    
   1.43891635609      -2.68903692147      0.208328098635    
   3117.37993539      -1745.32398787      -2081.29454002    
Cd             417
    -7.874863625        -2.649495786         4.540763864    
   1.53822953031      -1.02600100702      -3.36691565394    
  -7992.83607308       4595.76592628       3501.51407483    
Cd             418
    -1.073225398        0.4337821424         5.105606415    
  -3.56431231329      -2.44944649826      -1.18095004013    
   4615.11096461       3124.47061608       747.628091184    
Cd             419
    -1.507719734        -1.748054590        -7.745941698    
  0.135980013193     -0.817830365952      -1.18204419452    
  -2632.68591473      -6841.11553532       14445.2921306    
Cd             420
   -0.4649156721E-01    -5.263980632        -5.135399114    
   3.31350179270       2.96289234694      0.576582185611    
  -757.765696518       1.74604152483      -4299.89551466    
Cd             421
   -0.5324445374       -0.7836013169         1.655781707    
  -2.13886550134       1.41057566969      0.642954559062    
  -3761.79390329       1036.93154388       1639.13724096    
Cd             422
     1.221860373        -1.384273443         7.129951693    
  0.248838551103       2.32051359626     -0.645527474323    
  -2344.25103121       13407.8645982       239.291075134    
Cd             423
     7.572211096        -2.607978438        -6.803950276    
   2.07801716064       1.89688326333      -2.95486191678    
   537.952572649      -2755.29316760      -4307.40552072    
Cd             424
     1.204036055        -4.014405019         1.727318739    
  0.632121225071     -0.260236631202      0.387975875617    
   617.651750529      -4260.16271316      -3248.75236450    
Cd             425
    -3.032024759         5.585003450        -3.778150487    
  0.969432898047      -1.55547595046     -0.562048623270    
  -2452.15085026       3129.93107858      -533.533228756    
Cd             426
    -6.983031435         4.836600820         1.292788163    
 -0.472295947299       1.05687452888     -0.601642605780E-01
   1503.18392007       1556.81127981       2850.00828639    
Cd             427
    -4.616507251         6.508909073         4.194781946    
 -0.647206098375      -1.13272242671      -2.88808579366    
  -257.291495492      -13150.2052651       6555.49109461    
Cd             428
    -2.341489433         2.317034384        -6.537410731    
   1.57027297591      -1.61054820403      -2.21482978285    
  -6352.36986508       3780.20230628      -8007.45822013    
Cd             429
     1.360459115         1.401750736        -1.421854553    
 -0.342254502738      -3.55198151609       1.72020334142    
   46.0037520217       3717.63362341      -3465.80093117    
Cd             430
    -3.416684731         5.071495105         1.198383733    
   2.27795324123     -0.220738964148      0.508707263057    
   5489.45710838       111.534803773       8161.68053992    
Cd             431
     1.493543437         1.596064472         7.510285917    
 -0.599032846172E-01  -2.24478865408       1.39656731139    
   356.637251240      -283.857196201      -4369.47335622    
Cd             432
     7.645030154        0.7264108678        -7.813751178    
  -1.41221609128     -0.770656261874      -1.21980164196    
  -4218.72168223      -8582.31830550       3618.87459757    
Cd             433
     5.669581859       -0.4819138367E-02    -1.864730216    
 -0.528258258785     -0.722906885889     -0.218975741243    
   287.012823707       8061.94106388       2259.22320282    
Cd             434
     3.329908368       -0.2340874620        0.8462713338    
   2.33791685560     -0.715552387587E-01  -2.63594435545    
   5235.00815098      -2905.02929857      -3501.81084151    
Cd             435
     4.530693318        0.6288795208E-01     4.885435826    
  0.163408422005     -0.477020998991      0.840450630293    
   7384.09671000       1479.46115183       3923.06627295    
Cd             436
     4.800772496        -5.004885942         3.821483596    
 -0.750152577683E-01  0.529176685038      0.881094674215    
  -2827.93424772       12651.0148018       7171.14274880    
Cd             437
    0.7810087071         5.512874229        -2.501024385    
 -0.984589869723      -1.28953480728       1.07358072425    
  -2152.34105381       3155.40270102      -3530.23189843    
Cd             438
    -2.034418923         6.708339814         3.940552080    
  0.101353418030      0.163944553814       1.47422526386    
   4364.74588094       9917.00895173      -3249.14747297    
Cd             439
     4.057674017         3.539802067        -3.974188548    
   1.51859340195       2.04983695545     -0.520033539522    
   4882.61615310       8174.83629494       6462.87652860    
Cd             440
     4.288333320         6.390406133         4.115535638    
  -1.54090547797     -0.230994835951E-01  -1.19582456693    
  -218.356920720      -2776.53364341       908.220774672    
Cd             441
     5.906647713         2.327175109         3.376482662    
  -1.75139671123      0.229773545438      0.935078005788    
   1030.96300954      -10929.4846804       2954.38188141    
