4 9 19 35 52 72 100 131 163 201 244 290 
4 9 19 35 52 72 100 131 163 201 244 290 
4 9 19 35 52 72 100 131 163 201 244 290 
4 9 19 35 52 72 100 131 163 201 244 290 
4 9 19 35 52 72 100 131 163 201 244 290 
4 9 19 35 52 72 100 131 163 201 244 290 
4 9 19 35 52 72 100 131 163 201 244 290 
4 9 19 35 52 72 100 131 163 201 244 290 
4 9 19 35 52 72 100 131 163 201 244 290 
4 9 19 35 52 72 100 131 163 201 244 290 
4 9 19 35 52 72 100 131 163 201 244 290 
4 9 19 35 52 72 100 131 163 201 244 290 
4 9 19 35 52 72 100 131 163 201 244 290 
4 9 19 35 52 72 100 131 163 201 244 290 
4 9 19 35 52 72 100 131 163 201 244 290 
4 9 19 35 52 72 100 131 163 201 244 290 
