4 9 17 29 45 65 87 113 143 176 214 253 
4 9 17 29 45 65 87 113 143 176 214 253 
4 9 17 29 45 65 87 113 143 176 214 253 
4 9 17 29 45 65 87 113 143 176 214 253 
4 9 17 29 45 65 88 113 143 178 214 253 
4 9 17 29 45 65 88 113 143 178 214 253 
4 9 17 29 45 65 88 113 143 178 214 253 
4 9 17 29 45 65 88 113 143 178 214 253 
4 9 17 29 45 64 85 111 143 177 213 253 
4 9 17 29 45 64 85 111 143 177 213 253 
4 9 17 29 45 64 85 111 143 177 213 253 
4 9 17 29 45 64 85 111 143 177 213 253 
4 9 17 29 45 64 85 111 143 177 213 253 
4 9 17 29 45 64 85 111 143 177 213 253 
4 9 17 29 45 64 85 111 143 177 213 253 
4 9 17 29 45 64 85 111 143 177 213 253 
4 9 17 29 45 65 88 113 143 178 214 253 
4 9 17 29 45 65 88 113 143 178 214 253 
4 9 17 29 45 65 88 113 143 178 214 253 
4 9 17 29 45 65 88 113 143 178 214 253 
4 9 17 29 45 65 87 113 143 176 214 253 
4 9 17 29 45 65 87 113 143 176 214 253 
4 9 17 29 45 65 87 113 143 176 214 253 
4 9 17 29 45 65 87 113 143 176 214 253 
4 9 17 29 45 65 87 113 143 176 214 253 
4 9 17 29 45 65 87 113 143 176 214 253 
4 9 17 29 45 65 87 113 143 176 214 253 
4 9 17 29 45 65 87 113 143 176 214 253 
4 9 17 29 45 65 88 113 143 178 214 253 
4 9 17 29 45 65 88 113 143 178 214 253 
4 9 17 29 45 65 88 113 143 178 214 253 
4 9 17 29 45 65 88 113 143 178 214 253 
4 9 17 29 45 64 85 111 143 177 213 253 
4 9 17 29 45 64 85 111 143 177 213 253 
4 9 17 29 45 64 85 111 143 177 213 253 
4 9 17 29 45 64 85 111 143 177 213 253 
4 9 17 29 45 64 85 111 143 177 213 253 
4 9 17 29 45 64 85 111 143 177 213 253 
4 9 17 29 45 64 85 111 143 177 213 253 
4 9 17 29 45 64 85 111 143 177 213 253 
4 9 17 29 45 65 88 113 143 178 214 253 
4 9 17 29 45 65 88 113 143 178 214 253 
4 9 17 29 45 65 88 113 143 178 214 253 
4 9 17 29 45 65 88 113 143 178 214 253 
4 9 17 29 45 65 87 113 143 176 214 253 
4 9 17 29 45 65 87 113 143 176 214 253 
4 9 17 29 45 65 87 113 143 176 214 253 
4 9 17 29 45 65 87 113 143 176 214 253 
