4 10 21 35 50 71 100 132 164 198 239 289 
4 10 21 35 50 71 100 132 164 198 239 289 
4 9 17 30 49 75 102 125 157 202 247 288 
4 9 17 30 49 75 102 125 157 202 247 288 
4 9 18 31 49 72 99 130 160 198 244 285 
4 9 18 31 49 72 99 130 160 198 244 285 
4 9 18 31 49 72 99 130 160 198 244 285 
4 9 18 31 49 72 99 130 160 198 244 285 
4 9 17 30 49 75 102 125 157 202 247 288 
4 9 17 30 49 75 102 125 157 202 247 288 
4 10 21 35 50 71 100 132 164 198 239 289 
4 10 21 35 50 71 100 132 164 198 239 289 
4 9 19 33 51 76 98 123 162 203 244 287 
4 9 19 33 51 76 98 123 162 203 244 287 
4 9 19 33 51 76 98 123 162 203 244 287 
4 9 19 33 51 76 98 123 162 203 244 287 
4 10 21 35 50 71 100 132 164 198 239 289 
4 10 21 35 50 71 100 132 164 198 239 289 
4 9 17 30 49 75 102 125 157 202 247 288 
4 9 17 30 49 75 102 125 157 202 247 288 
4 9 18 31 49 72 99 130 160 198 244 285 
4 9 18 31 49 72 99 130 160 198 244 285 
4 9 18 31 49 72 99 130 160 198 244 285 
4 9 18 31 49 72 99 130 160 198 244 285 
4 9 17 30 49 75 102 125 157 202 247 288 
4 9 17 30 49 75 102 125 157 202 247 288 
4 10 21 35 50 71 100 132 164 198 239 289 
4 10 21 35 50 71 100 132 164 198 239 289 
4 9 19 33 51 76 98 123 162 203 244 287 
4 9 19 33 51 76 98 123 162 203 244 287 
4 9 19 33 51 76 98 123 162 203 244 287 
4 9 19 33 51 76 98 123 162 203 244 287 
