4 10 17 28 47 65 86 117 144 169 211 259 
4 10 17 28 47 65 86 117 144 169 211 259 
4 9 16 27 43 63 88 115 141 171 210 255 
4 9 16 27 43 63 88 115 141 171 210 255 
4 9 18 30 43 64 90 111 140 181 215 249 
4 9 18 30 43 64 90 111 140 181 215 249 
4 9 18 30 43 64 90 111 140 181 215 249 
4 9 18 30 43 64 90 111 140 181 215 249 
4 9 16 27 43 63 88 115 141 171 210 255 
4 9 16 27 43 63 88 115 141 171 210 255 
4 10 17 28 47 65 86 117 144 169 211 259 
4 10 17 28 47 65 86 117 144 169 211 259 
4 9 18 29 42 66 93 112 139 177 210 249 
4 9 18 29 42 66 93 112 139 177 210 249 
4 9 18 29 42 66 93 112 139 177 210 249 
4 9 18 29 42 66 93 112 139 177 210 249 
4 10 17 28 47 65 86 117 144 169 211 259 
4 10 17 28 47 65 86 117 144 169 211 259 
4 9 16 27 43 63 88 115 141 171 210 255 
4 9 16 27 43 63 88 115 141 171 210 255 
4 9 18 30 43 64 90 111 140 181 215 249 
4 9 18 30 43 64 90 111 140 181 215 249 
4 9 18 30 43 64 90 111 140 181 215 249 
4 9 18 30 43 64 90 111 140 181 215 249 
4 9 16 27 43 63 88 115 141 171 210 255 
4 9 16 27 43 63 88 115 141 171 210 255 
4 10 17 28 47 65 86 117 144 169 211 259 
4 10 17 28 47 65 86 117 144 169 211 259 
4 9 18 29 42 66 93 112 139 177 210 249 
4 9 18 29 42 66 93 112 139 177 210 249 
4 9 18 29 42 66 93 112 139 177 210 249 
4 9 18 29 42 66 93 112 139 177 210 249 
