4 9 17 30 48 68 88 112 144 182 221 258 
4 9 17 30 48 68 88 112 144 182 221 258 
4 9 17 29 46 67 90 116 145 178 216 257 
4 9 17 29 46 67 90 116 145 178 216 257 
4 9 17 29 46 67 90 116 145 178 216 257 
4 9 17 29 46 67 90 116 145 178 216 257 
4 9 17 30 48 68 88 112 144 182 221 258 
4 9 17 30 48 68 88 112 144 182 221 258 
4 9 17 29 46 67 90 116 145 178 216 257 
4 9 17 29 46 67 90 116 145 178 216 257 
4 9 17 30 48 68 88 112 144 182 221 258 
4 9 17 30 48 68 88 112 144 182 221 258 
4 10 20 32 46 64 88 118 148 178 214 258 
4 10 20 32 46 64 88 118 148 178 214 258 
4 9 17 30 48 68 88 112 144 182 221 258 
4 9 17 30 48 68 88 112 144 182 221 258 
4 9 17 29 46 67 90 116 145 178 216 257 
4 9 17 29 46 67 90 116 145 178 216 257 
4 10 20 32 46 64 88 118 148 178 214 258 
4 10 20 32 46 64 88 118 148 178 214 258 
4 9 17 29 46 67 90 116 145 178 216 257 
4 9 17 29 46 67 90 116 145 178 216 257 
4 9 17 30 48 68 88 112 144 182 221 258 
4 9 17 30 48 68 88 112 144 182 221 258 
4 10 20 32 46 64 88 118 148 178 214 258 
4 10 20 32 46 64 88 118 148 178 214 258 
4 9 17 30 48 68 88 112 144 182 221 258 
4 9 17 30 48 68 88 112 144 182 221 258 
4 9 17 29 46 67 90 116 145 178 216 257 
4 9 17 29 46 67 90 116 145 178 216 257 
