4 9 17 29 45 64 85 110 141 178 218 256 
4 9 17 29 45 64 85 110 141 178 218 256 
4 9 17 29 45 64 85 110 141 178 218 256 
4 9 17 29 45 64 85 110 141 178 218 256 
4 9 17 29 45 64 85 110 141 178 218 256 
4 9 17 29 45 64 85 110 141 178 218 256 
4 9 17 29 45 64 85 110 141 178 218 256 
4 9 17 29 45 64 85 110 141 178 218 256 
4 9 17 29 45 64 85 110 141 178 218 256 
4 9 17 29 45 64 85 110 141 178 218 256 
4 9 17 29 45 64 85 110 141 178 218 256 
4 9 17 29 45 64 85 110 141 178 218 256 
4 9 17 29 45 64 85 110 141 178 218 256 
4 9 17 29 45 64 85 110 141 178 218 256 
4 9 17 29 45 64 85 110 141 178 218 256 
4 9 17 29 45 64 85 110 141 178 218 256 
4 9 17 29 45 65 89 116 144 175 213 256 
4 9 17 29 45 65 89 116 144 175 213 256 
4 9 17 29 45 65 89 116 144 175 213 256 
4 9 17 29 45 65 89 116 144 175 213 256 
4 9 17 29 45 65 89 116 144 175 213 256 
4 9 17 29 45 65 89 116 144 175 213 256 
4 9 17 29 45 65 89 116 144 175 213 256 
4 9 17 29 45 65 89 116 144 175 213 256 
4 9 17 29 45 64 85 110 141 178 218 256 
4 9 17 29 45 64 85 110 141 178 218 256 
4 9 17 29 45 64 85 110 141 178 218 256 
4 9 17 29 45 64 85 110 141 178 218 256 
4 9 17 29 45 65 89 116 144 175 213 256 
4 9 17 29 45 65 89 116 144 175 213 256 
4 9 17 29 45 65 89 116 144 175 213 256 
4 9 17 29 45 65 89 116 144 175 213 256 
4 9 17 29 45 65 89 116 144 175 213 256 
4 9 17 29 45 65 89 116 144 175 213 256 
4 9 17 29 45 65 89 116 144 175 213 256 
4 9 17 29 45 65 89 116 144 175 213 256 
4 9 17 29 45 64 85 110 141 178 218 256 
4 9 17 29 45 64 85 110 141 178 218 256 
4 9 17 29 45 64 85 110 141 178 218 256 
4 9 17 29 45 64 85 110 141 178 218 256 
4 9 17 29 45 65 89 116 144 175 213 256 
4 9 17 29 45 65 89 116 144 175 213 256 
4 9 17 29 45 65 89 116 144 175 213 256 
4 9 17 29 45 65 89 116 144 175 213 256 
4 9 17 29 45 65 89 116 144 175 213 256 
4 9 17 29 45 65 89 116 144 175 213 256 
4 9 17 29 45 65 89 116 144 175 213 256 
4 9 17 29 45 65 89 116 144 175 213 256 
