4 8 14 25 39 53 71 96 124 152 179 208 
4 8 14 25 39 53 71 96 124 152 179 208 
4 8 14 25 39 53 71 96 124 152 179 208 
4 8 14 25 39 53 71 96 124 152 179 208 
4 8 14 25 39 53 71 96 124 152 179 208 
4 8 14 25 39 53 71 96 124 152 179 208 
4 8 14 25 39 53 71 96 124 152 179 208 
4 8 14 25 39 53 71 96 124 152 179 208 
4 9 16 23 34 57 82 98 115 141 178 224 
4 9 16 23 34 57 82 98 115 141 178 224 
4 8 14 25 39 53 71 96 124 152 179 208 
4 8 14 25 39 53 71 96 124 152 179 208 
4 8 14 25 39 53 71 96 124 152 179 208 
4 8 14 25 39 53 71 96 124 152 179 208 
4 9 16 23 34 57 82 98 115 141 178 224 
4 9 16 23 34 57 82 98 115 141 178 224 
