4 10 22 39 60 87 118 154 196 242 292 345 
4 10 22 39 60 87 118 154 196 242 292 345 
4 10 22 39 60 87 118 154 196 242 292 345 
4 10 22 39 60 87 118 154 196 242 292 345 
4 10 22 39 60 87 118 154 196 242 292 345 
4 10 22 39 60 87 118 154 196 242 292 345 
4 10 22 39 60 87 118 154 196 242 292 345 
4 10 22 39 60 87 118 154 196 242 292 345 
4 10 22 39 60 87 118 154 196 242 292 345 
4 10 22 39 60 87 118 154 196 242 292 345 
4 10 22 39 60 87 118 154 196 242 292 345 
4 10 22 39 60 87 118 154 196 242 292 345 
4 10 22 39 60 87 118 154 196 242 292 345 
4 10 22 39 60 87 118 154 196 242 292 345 
4 10 22 39 60 87 118 154 196 242 292 345 
4 10 22 39 60 87 118 154 196 242 292 345 
4 10 22 39 60 87 118 154 196 242 292 345 
4 10 22 39 60 87 118 154 196 242 292 345 
4 10 22 39 60 87 118 154 196 242 292 345 
4 10 22 39 60 87 118 154 196 242 292 345 
4 10 22 39 60 87 118 154 196 242 292 345 
4 10 22 39 60 87 118 154 196 242 292 345 
4 10 22 39 60 87 118 154 196 242 292 345 
4 10 22 39 60 87 118 154 196 242 292 345 
4 10 22 39 60 87 118 154 196 242 292 345 
4 10 22 39 60 87 118 154 196 242 292 345 
4 10 22 39 60 87 118 154 196 242 292 345 
4 10 22 39 60 87 118 154 196 242 292 345 
4 10 22 39 60 87 118 154 196 242 292 345 
4 10 22 39 60 87 118 154 196 242 292 345 
4 10 22 39 60 87 118 154 196 242 292 345 
4 10 22 39 60 87 118 154 196 242 292 345 
4 10 22 39 60 87 118 154 196 242 292 345 
4 10 22 39 60 87 118 154 196 242 292 345 
4 10 22 39 60 87 118 154 196 242 292 345 
4 10 22 39 60 87 118 154 196 242 292 345 
4 10 22 39 60 87 118 154 196 242 292 345 
4 10 22 39 60 87 118 154 196 242 292 345 
4 10 22 39 60 87 118 154 196 242 292 345 
4 10 22 39 60 87 118 154 196 242 292 345 
4 10 22 39 60 87 118 154 196 242 292 345 
4 10 22 39 60 87 118 154 196 242 292 345 
4 10 22 39 60 87 118 154 196 242 292 345 
4 10 22 39 60 87 118 154 196 242 292 345 
4 10 22 39 60 87 118 154 196 242 292 345 
4 10 22 39 60 87 118 154 196 242 292 345 
4 10 22 39 60 87 118 154 196 242 292 345 
4 10 22 39 60 87 118 154 196 242 292 345 
