4 10 20 35 54 76 104 136 171 211 254 302 
4 10 20 35 54 76 104 136 171 211 254 302 
4 10 20 35 54 76 104 136 171 211 254 302 
4 10 20 35 54 76 104 136 171 211 254 302 
4 9 19 35 53 75 102 132 168 208 250 298 
4 9 19 35 53 75 102 132 168 208 250 298 
4 9 19 35 53 75 102 132 168 208 250 298 
4 9 19 35 53 75 102 132 168 208 250 298 
4 9 19 35 53 75 102 132 168 208 250 298 
4 9 19 35 53 75 102 132 168 208 250 298 
4 9 19 35 53 75 102 132 168 208 250 298 
4 9 19 35 53 75 102 132 168 208 250 298 
4 10 20 35 54 76 104 136 171 211 254 302 
4 10 20 35 54 76 104 136 171 211 254 302 
4 10 20 35 54 76 104 136 171 211 254 302 
4 10 20 35 54 76 104 136 171 211 254 302 
4 10 20 35 54 76 104 136 171 211 254 302 
4 10 20 35 54 76 104 136 171 211 254 302 
4 10 20 35 54 76 104 136 171 211 254 302 
4 10 20 35 54 76 104 136 171 211 254 302 
4 9 19 35 53 75 102 132 168 208 250 298 
4 9 19 35 53 75 102 132 168 208 250 298 
4 9 19 35 53 75 102 132 168 208 250 298 
4 9 19 35 53 75 102 132 168 208 250 298 
4 9 19 35 53 75 102 132 168 208 250 298 
4 9 19 35 53 75 102 132 168 208 250 298 
4 9 19 35 53 75 102 132 168 208 250 298 
4 9 19 35 53 75 102 132 168 208 250 298 
4 10 20 35 54 76 104 136 171 211 254 302 
4 10 20 35 54 76 104 136 171 211 254 302 
4 10 20 35 54 76 104 136 171 211 254 302 
4 10 20 35 54 76 104 136 171 211 254 302 
