4 9 19 35 52 72 100 131 163 201 244 290 
4 9 19 35 52 72 100 131 163 201 244 290 
4 9 19 35 52 72 100 131 163 201 244 290 
4 9 19 35 52 72 100 131 163 201 244 290 
4 9 19 35 52 72 100 131 163 201 244 290 
4 9 19 35 52 72 100 131 163 201 244 290 
4 9 19 35 52 72 100 131 163 201 244 290 
4 9 19 35 52 72 100 131 163 201 244 290 
4 12 18 26 52 84 100 118 162 210 248 284 
4 12 18 26 52 84 100 118 162 210 248 284 
4 9 19 35 52 72 100 131 163 201 244 290 
4 9 19 35 52 72 100 131 163 201 244 290 
4 9 19 35 52 72 100 131 163 201 244 290 
4 9 19 35 52 72 100 131 163 201 244 290 
4 12 18 26 52 84 100 118 162 210 248 284 
4 12 18 26 52 84 100 118 162 210 248 284 
4 9 19 35 52 72 100 131 163 201 244 290 
4 9 19 35 52 72 100 131 163 201 244 290 
4 9 19 35 52 72 100 131 163 201 244 290 
4 9 19 35 52 72 100 131 163 201 244 290 
