4 10 19 32 51 72 96 124 155 196 238 278 
4 10 19 32 51 72 96 124 155 196 238 278 
4 10 19 30 46 67 93 124 154 189 232 277 
4 10 19 30 46 67 93 124 154 189 232 277 
4 10 19 30 46 67 93 124 154 189 232 277 
4 10 19 30 46 67 93 124 154 189 232 277 
4 10 19 32 51 72 96 124 155 196 238 278 
4 10 19 32 51 72 96 124 155 196 238 278 
4 10 20 32 49 73 97 124 157 193 236 281 
4 10 20 32 49 73 97 124 157 193 236 281 
4 10 20 32 49 73 97 124 157 193 236 281 
4 10 20 32 49 73 97 124 157 193 236 281 
4 10 19 32 51 72 96 124 155 196 238 278 
4 10 19 32 51 72 96 124 155 196 238 278 
4 10 19 30 46 67 93 124 154 189 232 277 
4 10 19 30 46 67 93 124 154 189 232 277 
4 10 19 30 46 67 93 124 154 189 232 277 
4 10 19 30 46 67 93 124 154 189 232 277 
4 10 19 32 51 72 96 124 155 196 238 278 
4 10 19 32 51 72 96 124 155 196 238 278 
4 10 20 32 49 73 97 124 157 193 236 281 
4 10 20 32 49 73 97 124 157 193 236 281 
4 10 20 32 49 73 97 124 157 193 236 281 
4 10 20 32 49 73 97 124 157 193 236 281 
