4 11 22 40 64 92 121 157 200 248 297 351 
4 12 25 42 61 88 122 160 200 246 299 358 
4 11 22 40 64 92 121 157 200 248 297 351 
4 11 22 40 64 92 121 157 200 248 297 351 
4 12 25 42 61 88 122 160 200 246 299 358 
4 11 22 40 64 92 121 157 200 248 297 351 
4 11 22 40 64 92 121 157 200 248 297 351 
4 12 25 42 61 88 122 160 200 246 299 358 
4 11 22 40 64 92 121 157 200 248 297 351 
4 11 22 40 64 92 121 157 200 248 297 351 
4 12 25 42 61 88 122 160 200 246 299 358 
4 11 22 40 64 92 121 157 200 248 297 351 
4 11 22 40 64 92 121 157 200 248 297 351 
4 12 25 42 61 88 122 160 200 246 299 358 
4 11 22 40 64 92 121 157 200 248 297 351 
4 11 22 40 64 92 121 157 200 248 297 351 
4 12 25 42 61 88 122 160 200 246 299 358 
4 11 22 40 64 92 121 157 200 248 297 351 
4 11 22 40 64 92 121 157 200 248 297 351 
4 12 25 42 61 88 122 160 200 246 299 358 
4 11 22 40 64 92 121 157 200 248 297 351 
4 11 22 40 64 92 121 157 200 248 297 351 
4 12 25 42 61 88 122 160 200 246 299 358 
4 11 22 40 64 92 121 157 200 248 297 351 
