4 9 17 30 49 72 97 126 160 196 233 275 
4 9 17 30 49 72 97 126 160 196 233 275 
4 9 17 30 50 75 100 126 157 194 234 275 
4 9 17 30 50 75 100 126 157 194 234 275 
4 9 17 30 49 72 97 126 160 196 233 275 
4 9 17 30 49 72 97 126 160 196 233 275 
4 10 20 33 50 71 95 123 155 194 239 285 
4 10 20 33 50 71 95 123 155 194 239 285 
4 10 20 33 49 68 92 123 158 195 234 279 
4 10 20 33 49 68 92 123 158 195 234 279 
4 10 20 33 50 71 95 123 155 194 239 285 
4 10 20 33 50 71 95 123 155 194 239 285 
4 10 20 33 49 68 92 123 158 195 234 279 
4 10 20 33 49 68 92 123 158 195 234 279 
4 10 20 33 49 68 92 123 158 195 234 279 
4 10 20 33 49 68 92 123 158 195 234 279 
4 9 17 30 49 72 97 126 160 196 233 275 
4 9 17 30 49 72 97 126 160 196 233 275 
4 9 17 30 50 75 100 126 157 194 234 275 
4 9 17 30 50 75 100 126 157 194 234 275 
4 10 20 33 50 71 95 123 155 194 239 285 
4 10 20 33 50 71 95 123 155 194 239 285 
4 10 20 33 50 71 95 123 155 194 239 285 
4 10 20 33 50 71 95 123 155 194 239 285 
4 9 17 30 50 75 100 126 157 194 234 275 
4 9 17 30 50 75 100 126 157 194 234 275 
4 9 17 30 49 72 97 126 160 196 233 275 
4 9 17 30 49 72 97 126 160 196 233 275 
4 10 20 33 49 68 92 123 158 195 234 279 
4 10 20 33 49 68 92 123 158 195 234 279 
4 10 20 33 49 68 92 123 158 195 234 279 
4 10 20 33 49 68 92 123 158 195 234 279 
4 10 20 33 50 71 95 123 155 194 239 285 
4 10 20 33 50 71 95 123 155 194 239 285 
4 10 20 33 49 68 92 123 158 195 234 279 
4 10 20 33 49 68 92 123 158 195 234 279 
4 10 20 33 50 71 95 123 155 194 239 285 
4 10 20 33 50 71 95 123 155 194 239 285 
4 9 17 30 49 72 97 126 160 196 233 275 
4 9 17 30 49 72 97 126 160 196 233 275 
4 9 17 30 50 75 100 126 157 194 234 275 
4 9 17 30 50 75 100 126 157 194 234 275 
4 9 17 30 49 72 97 126 160 196 233 275 
4 9 17 30 49 72 97 126 160 196 233 275 
4 9 17 30 50 75 100 126 157 194 234 275 
4 9 17 30 50 75 100 126 157 194 234 275 
4 9 17 30 50 75 100 126 157 194 234 275 
4 9 17 30 50 75 100 126 157 194 234 275 
4 9 17 30 49 72 97 126 160 196 233 275 
4 9 17 30 49 72 97 126 160 196 233 275 
4 9 17 30 50 75 100 126 157 194 234 275 
4 9 17 30 50 75 100 126 157 194 234 275 
4 9 17 30 49 72 97 126 160 196 233 275 
4 9 17 30 49 72 97 126 160 196 233 275 
4 10 20 33 50 71 95 123 155 194 239 285 
4 10 20 33 50 71 95 123 155 194 239 285 
4 10 20 33 49 68 92 123 158 195 234 279 
4 10 20 33 49 68 92 123 158 195 234 279 
4 10 20 33 50 71 95 123 155 194 239 285 
4 10 20 33 50 71 95 123 155 194 239 285 
4 10 20 33 49 68 92 123 158 195 234 279 
4 10 20 33 49 68 92 123 158 195 234 279 
4 10 20 33 49 68 92 123 158 195 234 279 
4 10 20 33 49 68 92 123 158 195 234 279 
4 9 17 30 49 72 97 126 160 196 233 275 
4 9 17 30 49 72 97 126 160 196 233 275 
4 9 17 30 50 75 100 126 157 194 234 275 
4 9 17 30 50 75 100 126 157 194 234 275 
4 10 20 33 50 71 95 123 155 194 239 285 
4 10 20 33 50 71 95 123 155 194 239 285 
4 10 20 33 50 71 95 123 155 194 239 285 
4 10 20 33 50 71 95 123 155 194 239 285 
4 9 17 30 50 75 100 126 157 194 234 275 
4 9 17 30 50 75 100 126 157 194 234 275 
4 9 17 30 49 72 97 126 160 196 233 275 
4 9 17 30 49 72 97 126 160 196 233 275 
4 10 20 33 49 68 92 123 158 195 234 279 
4 10 20 33 49 68 92 123 158 195 234 279 
4 10 20 33 49 68 92 123 158 195 234 279 
4 10 20 33 49 68 92 123 158 195 234 279 
4 10 20 33 50 71 95 123 155 194 239 285 
4 10 20 33 50 71 95 123 155 194 239 285 
4 10 20 33 49 68 92 123 158 195 234 279 
4 10 20 33 49 68 92 123 158 195 234 279 
4 10 20 33 50 71 95 123 155 194 239 285 
4 10 20 33 50 71 95 123 155 194 239 285 
4 9 17 30 49 72 97 126 160 196 233 275 
4 9 17 30 49 72 97 126 160 196 233 275 
4 9 17 30 50 75 100 126 157 194 234 275 
4 9 17 30 50 75 100 126 157 194 234 275 
4 9 17 30 49 72 97 126 160 196 233 275 
4 9 17 30 49 72 97 126 160 196 233 275 
4 9 17 30 50 75 100 126 157 194 234 275 
4 9 17 30 50 75 100 126 157 194 234 275 
4 9 17 30 50 75 100 126 157 194 234 275 
4 9 17 30 50 75 100 126 157 194 234 275 
4 9 17 30 49 72 97 126 160 196 233 275 
4 9 17 30 49 72 97 126 160 196 233 275 
4 9 17 30 50 75 100 126 157 194 234 275 
4 9 17 30 50 75 100 126 157 194 234 275 
4 9 17 30 49 72 97 126 160 196 233 275 
4 9 17 30 49 72 97 126 160 196 233 275 
4 10 20 33 50 71 95 123 155 194 239 285 
4 10 20 33 50 71 95 123 155 194 239 285 
4 10 20 33 49 68 92 123 158 195 234 279 
4 10 20 33 49 68 92 123 158 195 234 279 
4 10 20 33 50 71 95 123 155 194 239 285 
4 10 20 33 50 71 95 123 155 194 239 285 
4 10 20 33 49 68 92 123 158 195 234 279 
4 10 20 33 49 68 92 123 158 195 234 279 
4 10 20 33 49 68 92 123 158 195 234 279 
4 10 20 33 49 68 92 123 158 195 234 279 
4 9 17 30 49 72 97 126 160 196 233 275 
4 9 17 30 49 72 97 126 160 196 233 275 
4 9 17 30 50 75 100 126 157 194 234 275 
4 9 17 30 50 75 100 126 157 194 234 275 
4 10 20 33 50 71 95 123 155 194 239 285 
4 10 20 33 50 71 95 123 155 194 239 285 
4 10 20 33 50 71 95 123 155 194 239 285 
4 10 20 33 50 71 95 123 155 194 239 285 
4 9 17 30 50 75 100 126 157 194 234 275 
4 9 17 30 50 75 100 126 157 194 234 275 
4 9 17 30 49 72 97 126 160 196 233 275 
4 9 17 30 49 72 97 126 160 196 233 275 
4 10 20 33 49 68 92 123 158 195 234 279 
4 10 20 33 49 68 92 123 158 195 234 279 
4 10 20 33 49 68 92 123 158 195 234 279 
4 10 20 33 49 68 92 123 158 195 234 279 
4 10 20 33 50 71 95 123 155 194 239 285 
4 10 20 33 50 71 95 123 155 194 239 285 
4 10 20 33 49 68 92 123 158 195 234 279 
4 10 20 33 49 68 92 123 158 195 234 279 
4 10 20 33 50 71 95 123 155 194 239 285 
4 10 20 33 50 71 95 123 155 194 239 285 
4 9 17 30 49 72 97 126 160 196 233 275 
4 9 17 30 49 72 97 126 160 196 233 275 
4 9 17 30 50 75 100 126 157 194 234 275 
4 9 17 30 50 75 100 126 157 194 234 275 
4 9 17 30 49 72 97 126 160 196 233 275 
4 9 17 30 49 72 97 126 160 196 233 275 
4 9 17 30 50 75 100 126 157 194 234 275 
4 9 17 30 50 75 100 126 157 194 234 275 
4 9 17 30 50 75 100 126 157 194 234 275 
4 9 17 30 50 75 100 126 157 194 234 275 
