4 9 17 29 46 67 89 113 143 182 226 268 
4 9 17 29 46 67 89 113 143 182 226 268 
4 9 17 29 45 65 89 118 152 188 223 259 
4 9 17 29 45 65 89 118 152 188 223 259 
4 9 17 29 45 65 89 118 152 188 223 259 
4 9 17 29 45 65 89 118 152 188 223 259 
4 10 20 32 46 66 94 124 150 178 216 262 
4 10 20 32 46 66 94 124 150 178 216 262 
4 9 17 29 46 67 89 113 143 182 226 268 
4 9 17 29 46 67 89 113 143 182 226 268 
4 9 17 30 48 68 88 112 145 185 225 263 
4 9 17 30 48 68 88 112 145 185 225 263 
4 9 17 29 46 67 89 113 143 182 226 268 
4 9 17 29 46 67 89 113 143 182 226 268 
4 9 17 30 48 68 88 112 145 185 225 263 
4 9 17 30 48 68 88 112 145 185 225 263 
4 9 17 30 48 68 88 112 145 185 225 263 
4 9 17 30 48 68 88 112 145 185 225 263 
4 9 17 29 46 67 89 113 143 182 226 268 
4 9 17 29 46 67 89 113 143 182 226 268 
4 9 17 30 48 68 88 112 145 185 225 263 
4 9 17 30 48 68 88 112 145 185 225 263 
4 9 17 29 46 67 89 113 143 182 226 268 
4 9 17 29 46 67 89 113 143 182 226 268 
4 10 20 32 46 66 94 124 150 178 216 262 
4 10 20 32 46 66 94 124 150 178 216 262 
4 9 17 29 45 65 89 118 152 188 223 259 
4 9 17 29 45 65 89 118 152 188 223 259 
4 9 17 29 45 65 89 118 152 188 223 259 
4 9 17 29 45 65 89 118 152 188 223 259 
4 9 17 29 46 67 89 113 143 182 226 268 
4 9 17 29 46 67 89 113 143 182 226 268 
4 9 17 30 48 68 88 112 145 185 225 263 
4 9 17 30 48 68 88 112 145 185 225 263 
4 9 17 29 45 65 89 118 152 188 223 259 
4 9 17 29 45 65 89 118 152 188 223 259 
4 10 20 32 46 66 94 124 150 178 216 262 
4 10 20 32 46 66 94 124 150 178 216 262 
4 9 17 29 45 65 89 118 152 188 223 259 
4 9 17 29 45 65 89 118 152 188 223 259 
4 9 17 30 48 68 88 112 145 185 225 263 
4 9 17 30 48 68 88 112 145 185 225 263 
