4 9 19 35 54 76 102 134 172 214 259 307 
4 9 19 35 54 76 102 134 172 214 259 307 
4 9 19 35 54 76 102 134 172 214 259 307 
4 9 19 35 54 76 102 134 172 214 259 307 
4 10 21 36 53 76 108 142 173 210 259 310 
4 10 21 36 53 76 108 142 173 210 259 310 
4 10 21 36 53 76 108 142 173 210 259 310 
4 10 21 36 53 76 108 142 173 210 259 310 
4 10 21 36 53 76 108 142 173 210 259 310 
4 10 21 36 53 76 108 142 173 210 259 310 
4 10 21 36 53 76 108 142 173 210 259 310 
4 10 21 36 53 76 108 142 173 210 259 310 
4 9 19 35 54 76 102 134 172 214 259 307 
4 9 19 35 54 76 102 134 172 214 259 307 
4 9 19 35 54 76 102 134 172 214 259 307 
4 9 19 35 54 76 102 134 172 214 259 307 
4 10 20 35 55 78 103 133 173 217 259 306 
4 10 20 35 55 78 103 133 173 217 259 306 
4 10 20 35 55 78 103 133 173 217 259 306 
4 10 20 35 55 78 103 133 173 217 259 306 
4 10 20 35 55 78 103 133 173 217 259 306 
4 10 20 35 55 78 103 133 173 217 259 306 
4 10 20 35 55 78 103 133 173 217 259 306 
4 10 20 35 55 78 103 133 173 217 259 306 
4 9 19 35 54 76 102 134 172 214 259 307 
4 9 19 35 54 76 102 134 172 214 259 307 
4 9 19 35 54 76 102 134 172 214 259 307 
4 9 19 35 54 76 102 134 172 214 259 307 
4 10 21 36 53 76 108 142 173 210 259 310 
4 10 21 36 53 76 108 142 173 210 259 310 
4 10 21 36 53 76 108 142 173 210 259 310 
4 10 21 36 53 76 108 142 173 210 259 310 
4 10 21 36 53 76 108 142 173 210 259 310 
4 10 21 36 53 76 108 142 173 210 259 310 
4 10 21 36 53 76 108 142 173 210 259 310 
4 10 21 36 53 76 108 142 173 210 259 310 
4 9 19 35 54 76 102 134 172 214 259 307 
4 9 19 35 54 76 102 134 172 214 259 307 
4 9 19 35 54 76 102 134 172 214 259 307 
4 9 19 35 54 76 102 134 172 214 259 307 
4 10 20 35 55 78 103 133 173 217 259 306 
4 10 20 35 55 78 103 133 173 217 259 306 
4 10 20 35 55 78 103 133 173 217 259 306 
4 10 20 35 55 78 103 133 173 217 259 306 
4 10 20 35 55 78 103 133 173 217 259 306 
4 10 20 35 55 78 103 133 173 217 259 306 
4 10 20 35 55 78 103 133 173 217 259 306 
4 10 20 35 55 78 103 133 173 217 259 306 
