4 10 20 33 50 72 98 128 162 200 241 285 
4 10 20 33 50 72 98 128 162 200 241 285 
4 10 20 33 50 72 98 128 162 200 241 285 
4 10 20 33 50 72 98 128 162 200 241 285 
4 10 20 33 50 72 98 128 162 200 241 285 
4 10 20 33 50 72 98 128 162 200 241 285 
4 10 20 33 50 72 98 128 162 200 241 285 
4 10 20 33 50 72 98 128 162 200 241 285 
4 9 17 30 50 74 97 123 158 198 237 281 
4 9 17 30 50 74 97 123 158 198 237 281 
4 9 17 30 50 74 97 123 158 198 237 281 
4 9 17 30 50 74 97 123 158 198 237 281 
4 10 20 33 50 72 98 128 162 200 241 285 
4 10 20 33 50 72 98 128 162 200 241 285 
4 10 20 33 50 72 98 128 162 200 241 285 
4 10 20 33 50 72 98 128 162 200 241 285 
4 10 20 33 50 72 98 128 162 200 241 285 
4 10 20 33 50 72 98 128 162 200 241 285 
4 10 20 33 50 72 98 128 162 200 241 285 
4 10 20 33 50 72 98 128 162 200 241 285 
4 9 17 30 50 74 97 123 158 198 237 281 
4 9 17 30 50 74 97 123 158 198 237 281 
4 9 17 30 50 74 97 123 158 198 237 281 
4 9 17 30 50 74 97 123 158 198 237 281 
