4 9 18 32 50 71 96 129 167 199 231 283 
4 9 18 32 50 71 96 129 167 199 231 283 
4 9 18 32 50 71 96 129 167 199 231 283 
4 9 18 32 50 71 96 129 167 199 231 283 
4 12 17 30 48 71 98 126 156 198 240 289 
4 12 17 30 48 71 98 126 156 198 240 289 
4 12 17 30 48 71 98 126 156 198 240 289 
4 12 17 30 48 71 98 126 156 198 240 289 
4 11 20 28 41 70 103 127 150 188 242 298 
4 11 20 28 41 70 103 127 150 188 242 298 
4 9 18 32 50 71 96 129 167 199 231 283 
4 9 18 32 50 71 96 129 167 199 231 283 
4 9 18 32 50 71 96 129 167 199 231 283 
4 9 18 32 50 71 96 129 167 199 231 283 
4 11 20 28 41 70 103 127 150 188 242 298 
4 11 20 28 41 70 103 127 150 188 242 298 
4 11 20 28 41 70 103 127 150 188 242 298 
4 11 20 28 41 70 103 127 150 188 242 298 
4 9 18 32 50 71 96 129 167 199 231 283 
4 9 18 32 50 71 96 129 167 199 231 283 
4 9 18 32 50 71 96 129 167 199 231 283 
4 9 18 32 50 71 96 129 167 199 231 283 
4 11 20 28 41 70 103 127 150 188 242 298 
4 11 20 28 41 70 103 127 150 188 242 298 
4 12 17 30 48 71 98 126 156 198 240 289 
4 12 17 30 48 71 98 126 156 198 240 289 
4 12 17 30 48 71 98 126 156 198 240 289 
4 12 17 30 48 71 98 126 156 198 240 289 
4 9 18 32 50 71 96 129 167 199 231 283 
4 9 18 32 50 71 96 129 167 199 231 283 
4 9 18 32 50 71 96 129 167 199 231 283 
4 9 18 32 50 71 96 129 167 199 231 283 
