4 10 22 38 56 81 113 146 182 227 275 324 
4 10 22 38 56 81 113 146 182 227 275 324 
4 11 21 35 59 84 110 141 185 229 271 321 
4 11 21 35 59 84 110 141 185 229 271 321 
4 11 21 35 59 84 110 141 185 229 271 321 
4 10 22 38 56 81 113 146 182 227 275 324 
4 10 22 38 56 81 113 146 182 227 275 324 
4 11 21 35 59 84 110 141 185 229 271 321 
4 11 20 35 60 84 108 142 187 228 268 323 
4 11 20 35 60 84 108 142 187 228 268 323 
4 11 20 35 60 84 108 142 187 228 268 323 
4 11 20 35 60 84 108 142 187 228 268 323 
4 10 22 38 56 81 113 146 182 227 275 324 
4 10 22 38 56 81 113 146 182 227 275 324 
4 11 21 35 59 84 110 141 185 229 271 321 
4 11 21 35 59 84 110 141 185 229 271 321 
4 11 21 35 59 84 110 141 185 229 271 321 
4 10 22 38 56 81 113 146 182 227 275 324 
4 10 22 38 56 81 113 146 182 227 275 324 
4 11 21 35 59 84 110 141 185 229 271 321 
4 11 20 35 60 84 108 142 187 228 268 323 
4 11 20 35 60 84 108 142 187 228 268 323 
4 11 20 35 60 84 108 142 187 228 268 323 
4 11 20 35 60 84 108 142 187 228 268 323 
