4 11 18 31 52 75 100 126 158 206 247 285 
4 11 18 31 52 75 100 126 158 206 247 285 
4 11 18 31 52 75 100 126 158 206 247 285 
4 11 18 31 52 75 100 126 158 206 247 285 
4 10 19 32 51 74 101 129 158 199 242 285 
4 10 19 32 51 74 101 129 158 199 242 285 
4 10 19 32 51 74 101 129 158 199 242 285 
4 10 19 32 51 74 101 129 158 199 242 285 
4 11 19 34 50 71 98 133 162 195 241 287 
4 11 19 34 50 71 98 133 162 195 241 287 
4 11 19 34 50 71 98 133 162 195 241 287 
4 11 19 34 50 71 98 133 162 195 241 287 
4 11 20 31 53 76 97 126 168 199 235 293 
4 11 20 31 53 76 97 126 168 199 235 293 
4 11 20 31 53 76 97 126 168 199 235 293 
4 11 20 31 53 76 97 126 168 199 235 293 
4 11 20 31 53 76 97 126 168 199 235 293 
4 11 20 31 53 76 97 126 168 199 235 293 
4 11 20 31 53 76 97 126 168 199 235 293 
4 11 20 31 53 76 97 126 168 199 235 293 
4 11 19 34 50 71 98 133 162 195 241 287 
4 11 19 34 50 71 98 133 162 195 241 287 
4 11 19 34 50 71 98 133 162 195 241 287 
4 11 19 34 50 71 98 133 162 195 241 287 
4 10 19 32 51 74 101 129 158 199 242 285 
4 10 19 32 51 74 101 129 158 199 242 285 
4 10 19 32 51 74 101 129 158 199 242 285 
4 10 19 32 51 74 101 129 158 199 242 285 
4 11 18 31 52 75 100 126 158 206 247 285 
4 11 18 31 52 75 100 126 158 206 247 285 
4 11 18 31 52 75 100 126 158 206 247 285 
4 11 18 31 52 75 100 126 158 206 247 285 
4 11 21 32 49 74 101 128 162 200 243 290 
4 11 21 32 49 74 101 128 162 200 243 290 
4 11 21 32 49 74 101 128 162 200 243 290 
4 11 21 32 49 74 101 128 162 200 243 290 
4 10 20 32 48 74 104 131 159 195 245 294 
4 10 20 32 48 74 104 131 159 195 245 294 
4 10 20 32 48 74 104 131 159 195 245 294 
4 10 20 32 48 74 104 131 159 195 245 294 
4 10 20 32 48 74 104 131 159 195 245 294 
4 10 20 32 48 74 104 131 159 195 245 294 
4 10 20 32 48 74 104 131 159 195 245 294 
4 10 20 32 48 74 104 131 159 195 245 294 
4 11 21 32 49 74 101 128 162 200 243 290 
4 11 21 32 49 74 101 128 162 200 243 290 
4 11 21 32 49 74 101 128 162 200 243 290 
4 11 21 32 49 74 101 128 162 200 243 290 
4 11 18 31 52 75 100 126 158 206 247 285 
4 11 18 31 52 75 100 126 158 206 247 285 
4 11 18 31 52 75 100 126 158 206 247 285 
4 11 18 31 52 75 100 126 158 206 247 285 
4 10 19 32 51 74 101 129 158 199 242 285 
4 10 19 32 51 74 101 129 158 199 242 285 
4 10 19 32 51 74 101 129 158 199 242 285 
4 10 19 32 51 74 101 129 158 199 242 285 
4 11 19 34 50 71 98 133 162 195 241 287 
4 11 19 34 50 71 98 133 162 195 241 287 
4 11 19 34 50 71 98 133 162 195 241 287 
4 11 19 34 50 71 98 133 162 195 241 287 
4 11 20 31 53 76 97 126 168 199 235 293 
4 11 20 31 53 76 97 126 168 199 235 293 
4 11 20 31 53 76 97 126 168 199 235 293 
4 11 20 31 53 76 97 126 168 199 235 293 
4 11 20 31 53 76 97 126 168 199 235 293 
4 11 20 31 53 76 97 126 168 199 235 293 
4 11 20 31 53 76 97 126 168 199 235 293 
4 11 20 31 53 76 97 126 168 199 235 293 
4 11 19 34 50 71 98 133 162 195 241 287 
4 11 19 34 50 71 98 133 162 195 241 287 
4 11 19 34 50 71 98 133 162 195 241 287 
4 11 19 34 50 71 98 133 162 195 241 287 
4 10 19 32 51 74 101 129 158 199 242 285 
4 10 19 32 51 74 101 129 158 199 242 285 
4 10 19 32 51 74 101 129 158 199 242 285 
4 10 19 32 51 74 101 129 158 199 242 285 
4 11 18 31 52 75 100 126 158 206 247 285 
4 11 18 31 52 75 100 126 158 206 247 285 
4 11 18 31 52 75 100 126 158 206 247 285 
4 11 18 31 52 75 100 126 158 206 247 285 
4 11 21 32 49 74 101 128 162 200 243 290 
4 11 21 32 49 74 101 128 162 200 243 290 
4 11 21 32 49 74 101 128 162 200 243 290 
4 11 21 32 49 74 101 128 162 200 243 290 
4 10 20 32 48 74 104 131 159 195 245 294 
4 10 20 32 48 74 104 131 159 195 245 294 
4 10 20 32 48 74 104 131 159 195 245 294 
4 10 20 32 48 74 104 131 159 195 245 294 
4 10 20 32 48 74 104 131 159 195 245 294 
4 10 20 32 48 74 104 131 159 195 245 294 
4 10 20 32 48 74 104 131 159 195 245 294 
4 10 20 32 48 74 104 131 159 195 245 294 
4 11 21 32 49 74 101 128 162 200 243 290 
4 11 21 32 49 74 101 128 162 200 243 290 
4 11 21 32 49 74 101 128 162 200 243 290 
4 11 21 32 49 74 101 128 162 200 243 290 
