4 8 16 31 46 70 92 121 172 184 237 291 
4 8 16 31 46 70 92 121 172 184 237 291 
4 8 16 31 46 70 92 121 172 184 237 291 
4 8 16 31 46 70 92 121 172 184 237 291 
4 8 16 30 49 71 103 113 152 186 246 284 
4 9 17 29 44 62 90 127 163 209 257 283 
4 9 17 29 44 62 90 127 163 209 257 283 
4 9 17 29 44 62 90 127 163 209 257 283 
4 9 17 29 44 62 90 127 163 209 257 283 
4 8 16 30 49 71 103 113 152 186 246 284 
4 8 16 30 53 68 91 130 150 193 238 285 
4 8 16 30 53 68 91 130 150 193 238 285 
4 8 16 32 52 76 96 120 152 200 232 292 
4 8 16 32 52 76 96 120 152 200 232 292 
4 8 16 30 53 68 91 130 150 193 238 285 
4 8 16 30 53 68 91 130 150 193 238 285 
4 8 16 30 49 71 103 113 152 186 246 284 
4 9 17 29 44 62 90 127 163 209 257 283 
4 9 17 29 44 62 90 127 163 209 257 283 
4 9 17 29 44 62 90 127 163 209 257 283 
4 9 17 29 44 62 90 127 163 209 257 283 
4 8 16 30 49 71 103 113 152 186 246 284 
4 8 16 31 46 70 92 121 172 184 237 291 
4 8 16 31 46 70 92 121 172 184 237 291 
4 8 16 31 46 70 92 121 172 184 237 291 
4 8 16 31 46 70 92 121 172 184 237 291 
4 8 17 30 41 62 94 124 161 222 229 300 
4 8 17 30 41 62 94 124 161 222 229 300 
4 8 17 29 44 66 94 122 169 199 239 288 
4 8 17 29 44 66 94 122 169 199 239 288 
4 8 17 29 44 66 94 122 169 199 239 288 
4 8 17 29 44 66 94 122 169 199 239 288 
4 8 16 30 46 70 92 129 152 193 243 288 
4 8 16 30 46 70 92 129 152 193 243 288 
4 8 16 30 46 70 92 129 152 193 243 288 
4 8 16 30 46 70 92 129 152 193 243 288 
4 8 16 30 46 70 92 129 152 193 243 288 
4 8 16 30 46 70 92 129 152 193 243 288 
4 8 16 30 46 70 92 129 152 193 243 288 
4 8 16 30 46 70 92 129 152 193 243 288 
4 8 17 29 44 66 94 122 169 199 239 288 
4 8 17 29 44 66 94 122 169 199 239 288 
4 8 17 29 44 66 94 122 169 199 239 288 
4 8 17 29 44 66 94 122 169 199 239 288 
4 8 17 30 41 62 94 124 161 222 229 300 
4 8 17 30 41 62 94 124 161 222 229 300 
4 8 16 31 46 70 92 121 172 184 237 291 
4 8 16 31 46 70 92 121 172 184 237 291 
4 8 16 31 46 70 92 121 172 184 237 291 
4 8 16 31 46 70 92 121 172 184 237 291 
4 9 17 29 44 62 90 127 163 209 257 283 
4 9 17 29 44 62 90 127 163 209 257 283 
4 9 17 29 44 62 90 127 163 209 257 283 
4 9 17 29 44 62 90 127 163 209 257 283 
4 8 16 30 49 71 103 113 152 186 246 284 
4 8 16 30 49 71 103 113 152 186 246 284 
4 8 16 32 52 76 96 120 152 200 232 292 
4 8 16 30 53 68 91 130 150 193 238 285 
4 8 16 30 53 68 91 130 150 193 238 285 
4 8 16 30 53 68 91 130 150 193 238 285 
4 8 16 30 53 68 91 130 150 193 238 285 
4 8 16 32 52 76 96 120 152 200 232 292 
4 9 17 29 44 62 90 127 163 209 257 283 
4 9 17 29 44 62 90 127 163 209 257 283 
4 9 17 29 44 62 90 127 163 209 257 283 
4 9 17 29 44 62 90 127 163 209 257 283 
4 8 16 30 49 71 103 113 152 186 246 284 
4 8 16 30 49 71 103 113 152 186 246 284 
4 8 16 31 46 70 92 121 172 184 237 291 
4 8 16 31 46 70 92 121 172 184 237 291 
4 8 16 31 46 70 92 121 172 184 237 291 
4 8 16 31 46 70 92 121 172 184 237 291 
4 8 17 30 41 62 94 124 161 222 229 300 
4 8 17 30 41 62 94 124 161 222 229 300 
4 8 17 29 44 66 94 122 169 199 239 288 
4 8 17 29 44 66 94 122 169 199 239 288 
4 8 17 29 44 66 94 122 169 199 239 288 
4 8 17 29 44 66 94 122 169 199 239 288 
4 8 16 30 46 70 92 129 152 193 243 288 
4 8 16 30 46 70 92 129 152 193 243 288 
4 8 16 30 46 70 92 129 152 193 243 288 
4 8 16 30 46 70 92 129 152 193 243 288 
4 8 16 30 46 70 92 129 152 193 243 288 
4 8 16 30 46 70 92 129 152 193 243 288 
4 8 16 30 46 70 92 129 152 193 243 288 
4 8 16 30 46 70 92 129 152 193 243 288 
4 8 17 29 44 66 94 122 169 199 239 288 
4 8 17 29 44 66 94 122 169 199 239 288 
4 8 17 29 44 66 94 122 169 199 239 288 
4 8 17 29 44 66 94 122 169 199 239 288 
4 8 17 30 41 62 94 124 161 222 229 300 
4 8 17 30 41 62 94 124 161 222 229 300 
