4 9 16 25 39 61 86 111 141 173 202 240 
4 9 16 25 39 61 86 111 141 173 202 240 
4 9 17 28 42 60 84 113 140 169 211 254 
4 9 17 28 42 60 84 113 140 169 211 254 
4 9 16 25 39 61 86 111 141 173 202 240 
4 9 16 25 39 61 86 111 141 173 202 240 
4 9 17 28 42 60 84 113 140 169 211 254 
4 9 17 28 42 60 84 113 140 169 211 254 
4 9 18 30 43 62 85 105 135 180 217 251 
4 9 18 30 43 62 85 105 135 180 217 251 
4 9 17 28 42 60 84 113 140 169 211 254 
4 9 17 28 42 60 84 113 140 169 211 254 
4 9 16 25 39 61 86 111 141 173 202 240 
4 9 16 25 39 61 86 111 141 173 202 240 
4 9 16 25 39 61 86 111 141 173 202 240 
4 9 16 25 39 61 86 111 141 173 202 240 
4 9 17 28 42 60 84 113 140 169 211 254 
4 9 17 28 42 60 84 113 140 169 211 254 
4 9 18 30 43 62 85 105 135 180 217 251 
4 9 18 30 43 62 85 105 135 180 217 251 
4 9 17 28 42 60 84 113 140 169 211 254 
4 9 17 28 42 60 84 113 140 169 211 254 
4 9 16 25 39 61 86 111 141 173 202 240 
4 9 16 25 39 61 86 111 141 173 202 240 
4 9 17 28 42 60 84 113 140 169 211 254 
4 9 17 28 42 60 84 113 140 169 211 254 
4 9 16 25 39 61 86 111 141 173 202 240 
4 9 16 25 39 61 86 111 141 173 202 240 
