4 9 17 30 52 78 105 141 177 217 268 316 
4 9 17 30 52 78 105 141 177 217 268 316 
4 9 17 30 52 78 105 141 177 217 268 316 
4 9 17 30 52 78 105 141 177 217 268 316 
4 9 17 30 52 78 105 141 177 217 268 316 
4 9 17 30 52 78 105 141 177 217 268 316 
4 9 17 30 52 78 105 141 177 217 268 316 
4 9 17 30 52 78 105 141 177 217 268 316 
4 9 17 30 52 78 105 141 177 217 268 316 
4 9 17 30 52 78 105 141 177 217 268 316 
4 9 17 30 52 78 105 141 177 217 268 316 
4 9 17 30 52 78 105 141 177 217 268 316 
4 9 17 30 52 78 105 141 177 217 268 316 
4 9 17 30 52 78 105 141 177 217 268 316 
4 9 17 30 52 78 105 141 177 217 268 316 
4 9 17 30 52 78 105 141 177 217 268 316 
4 9 17 30 52 78 105 141 177 217 268 316 
4 9 17 30 52 78 105 141 177 217 268 316 
4 9 17 30 52 78 105 141 177 217 268 316 
4 9 17 30 52 78 105 141 177 217 268 316 
4 9 17 30 52 78 105 141 177 217 268 316 
4 9 17 30 52 78 105 141 177 217 268 316 
4 9 17 30 52 78 105 141 177 217 268 316 
4 9 17 30 52 78 105 141 177 217 268 316 
4 9 17 30 52 78 105 141 177 217 268 316 
4 9 17 30 52 78 105 141 177 217 268 316 
4 9 17 30 52 78 105 141 177 217 268 316 
4 9 17 30 52 78 105 141 177 217 268 316 
4 9 17 30 52 78 105 141 177 217 268 316 
4 9 17 30 52 78 105 141 177 217 268 316 
4 9 17 30 52 78 105 141 177 217 268 316 
4 9 17 30 52 78 105 141 177 217 268 316 
4 9 17 30 52 78 105 141 177 217 268 316 
4 9 17 30 52 78 105 141 177 217 268 316 
4 9 17 30 52 78 105 141 177 217 268 316 
4 9 17 30 52 78 105 141 177 217 268 316 
4 9 17 30 52 78 105 141 177 217 268 316 
4 9 17 30 52 78 105 141 177 217 268 316 
4 9 17 30 52 78 105 141 177 217 268 316 
4 9 17 30 52 78 105 141 177 217 268 316 
4 9 17 30 52 78 105 141 177 217 268 316 
4 9 17 30 52 78 105 141 177 217 268 316 
4 9 17 30 52 78 105 141 177 217 268 316 
4 9 17 30 52 78 105 141 177 217 268 316 
4 9 17 30 52 78 105 141 177 217 268 316 
4 9 17 30 52 78 105 141 177 217 268 316 
4 9 17 30 52 78 105 141 177 217 268 316 
4 9 17 30 52 78 105 141 177 217 268 316 
4 9 17 30 52 78 105 141 177 217 268 316 
4 9 17 30 52 78 105 141 177 217 268 316 
4 9 17 30 52 78 105 141 177 217 268 316 
4 9 17 30 52 78 105 141 177 217 268 316 
4 9 17 30 52 78 105 141 177 217 268 316 
4 9 17 30 52 78 105 141 177 217 268 316 
4 9 17 30 52 78 105 141 177 217 268 316 
4 9 17 30 52 78 105 141 177 217 268 316 
4 9 17 30 52 78 105 141 177 217 268 316 
4 9 17 30 52 78 105 141 177 217 268 316 
4 9 17 30 52 78 105 141 177 217 268 316 
4 9 17 30 52 78 105 141 177 217 268 316 
4 9 17 30 52 78 105 141 177 217 268 316 
4 9 17 30 52 78 105 141 177 217 268 316 
4 9 17 30 52 78 105 141 177 217 268 316 
4 9 17 30 52 78 105 141 177 217 268 316 
4 9 17 30 52 78 105 141 177 217 268 316 
4 9 17 30 52 78 105 141 177 217 268 316 
4 9 17 30 52 78 105 141 177 217 268 316 
4 9 17 30 52 78 105 141 177 217 268 316 
4 9 17 30 52 78 105 141 177 217 268 316 
4 9 17 30 52 78 105 141 177 217 268 316 
4 9 17 30 52 78 105 141 177 217 268 316 
4 9 17 30 52 78 105 141 177 217 268 316 
4 9 17 30 52 78 105 141 177 217 268 316 
4 9 17 30 52 78 105 141 177 217 268 316 
4 9 17 30 52 78 105 141 177 217 268 316 
4 9 17 30 52 78 105 141 177 217 268 316 
4 9 17 30 52 78 105 141 177 217 268 316 
4 9 17 30 52 78 105 141 177 217 268 316 
4 9 17 30 52 78 105 141 177 217 268 316 
4 9 17 30 52 78 105 141 177 217 268 316 
4 9 17 30 52 78 105 141 177 217 268 316 
4 9 17 30 52 78 105 141 177 217 268 316 
4 9 17 30 52 78 105 141 177 217 268 316 
4 9 17 30 52 78 105 141 177 217 268 316 
4 9 17 30 52 78 105 141 177 217 268 316 
4 9 17 30 52 78 105 141 177 217 268 316 
4 9 17 30 52 78 105 141 177 217 268 316 
4 9 17 30 52 78 105 141 177 217 268 316 
4 9 17 30 52 78 105 141 177 217 268 316 
4 9 17 30 52 78 105 141 177 217 268 316 
4 9 17 30 52 78 105 141 177 217 268 316 
4 9 17 30 52 78 105 141 177 217 268 316 
4 9 17 30 52 78 105 141 177 217 268 316 
4 9 17 30 52 78 105 141 177 217 268 316 
4 9 17 30 52 78 105 141 177 217 268 316 
4 9 17 30 52 78 105 141 177 217 268 316 
