4 10 20 34 54 78 104 134 168 210 256 302 
4 10 20 34 54 78 104 134 168 210 256 302 
4 10 20 34 54 78 104 134 168 210 256 302 
4 10 20 34 54 78 104 134 168 210 256 302 
4 10 20 34 54 78 104 134 168 210 256 302 
4 10 20 34 54 78 104 134 168 210 256 302 
4 10 20 34 54 78 104 134 168 210 256 302 
4 10 20 34 54 78 104 134 168 210 256 302 
4 10 20 34 54 78 104 134 168 210 256 302 
4 10 20 34 54 78 104 134 168 210 256 302 
4 10 20 34 54 78 104 134 168 210 256 302 
4 10 20 34 54 78 104 134 168 210 256 302 
