4 12 23 43 72 95 128 177 225 259 322 401 
4 12 23 43 72 95 128 177 225 259 322 401 
4 12 23 43 72 95 128 177 225 259 322 401 
4 12 23 43 72 95 128 177 225 259 322 401 
4 12 23 41 70 97 125 174 224 264 318 397 
4 12 23 41 70 97 125 174 224 264 318 397 
4 12 26 43 64 101 138 165 215 284 328 372 
4 12 26 43 64 101 138 165 215 284 328 372 
4 12 26 43 64 101 138 165 215 284 328 372 
4 12 26 43 64 101 138 165 215 284 328 372 
4 12 23 41 70 97 125 174 224 264 318 397 
4 12 23 41 70 97 125 174 224 264 318 397 
4 12 26 43 64 101 138 165 215 284 328 372 
4 12 26 43 64 101 138 165 215 284 328 372 
4 12 23 41 70 97 125 174 224 264 318 397 
4 12 23 41 70 97 125 174 224 264 318 397 
4 12 23 43 72 95 128 177 225 259 322 401 
4 12 23 43 72 95 128 177 225 259 322 401 
4 12 23 43 72 95 128 177 225 259 322 401 
4 12 23 43 72 95 128 177 225 259 322 401 
4 12 23 41 70 97 125 174 224 264 318 397 
4 12 23 41 70 97 125 174 224 264 318 397 
4 12 26 43 64 101 138 165 215 284 328 372 
4 12 26 43 64 101 138 165 215 284 328 372 
