4 9 18 34 55 75 98 133 177 216 248 291 
4 9 18 34 55 75 98 133 177 216 248 291 
4 9 18 34 55 76 97 131 177 217 251 290 
4 9 18 34 55 76 97 131 177 217 251 290 
4 10 19 33 55 79 100 129 172 216 255 297 
4 10 19 33 55 79 100 129 172 216 255 297 
4 10 18 32 58 80 96 124 176 228 254 284 
4 10 18 32 58 80 96 124 176 228 254 284 
4 10 19 33 55 79 100 129 172 216 255 297 
4 10 19 33 55 79 100 129 172 216 255 297 
4 9 18 34 55 76 97 131 177 217 251 290 
4 9 18 34 55 76 97 131 177 217 251 290 
4 9 18 34 55 75 98 133 177 216 248 291 
4 9 18 34 55 75 98 133 177 216 248 291 
4 11 22 34 50 76 111 142 165 199 254 315 
4 11 22 34 50 76 111 142 165 199 254 315 
4 11 22 34 50 76 111 142 165 199 254 315 
4 11 22 34 50 76 111 142 165 199 254 315 
4 9 18 34 55 75 98 133 177 216 248 291 
4 9 18 34 55 75 98 133 177 216 248 291 
4 9 18 34 55 76 97 131 177 217 251 290 
4 9 18 34 55 76 97 131 177 217 251 290 
4 10 19 33 55 79 100 129 172 216 255 297 
4 10 19 33 55 79 100 129 172 216 255 297 
4 10 18 32 58 80 96 124 176 228 254 284 
4 10 18 32 58 80 96 124 176 228 254 284 
4 10 19 33 55 79 100 129 172 216 255 297 
4 10 19 33 55 79 100 129 172 216 255 297 
4 9 18 34 55 76 97 131 177 217 251 290 
4 9 18 34 55 76 97 131 177 217 251 290 
4 9 18 34 55 75 98 133 177 216 248 291 
4 9 18 34 55 75 98 133 177 216 248 291 
4 11 22 34 50 76 111 142 165 199 254 315 
4 11 22 34 50 76 111 142 165 199 254 315 
4 11 22 34 50 76 111 142 165 199 254 315 
4 11 22 34 50 76 111 142 165 199 254 315 
