4 9 17 29 45 64 85 110 140 173 208 246 
4 9 17 29 45 64 85 110 140 173 208 246 
4 9 17 29 45 64 85 110 140 173 208 246 
4 9 17 29 45 64 85 110 140 173 208 246 
4 9 17 29 45 64 85 110 140 173 208 246 
4 9 17 29 45 64 85 110 140 173 208 246 
4 9 17 29 45 64 85 110 140 173 208 246 
4 9 17 29 45 64 85 110 140 173 208 246 
4 9 17 29 45 64 85 110 140 173 208 246 
4 9 17 29 45 64 85 110 140 173 208 246 
4 9 17 29 45 64 85 110 140 173 208 246 
4 9 17 29 45 64 85 110 140 173 208 246 
4 9 17 29 45 64 85 110 140 173 208 246 
4 9 17 29 45 64 85 110 140 173 208 246 
4 9 17 29 45 64 85 110 140 173 208 246 
4 9 17 29 45 64 85 110 140 173 208 246 
4 9 17 29 45 64 85 110 140 173 208 246 
4 9 17 29 45 64 85 110 140 173 208 246 
4 9 17 29 45 64 85 110 140 173 208 246 
4 9 17 29 45 64 85 110 140 173 208 246 
4 9 17 29 45 64 85 110 140 173 208 246 
4 9 17 29 45 64 85 110 140 173 208 246 
4 9 17 29 45 64 85 110 140 173 208 246 
4 9 17 29 45 64 85 110 140 173 208 246 
4 9 17 29 45 64 85 110 140 173 208 246 
4 9 17 29 45 64 85 110 140 173 208 246 
4 9 17 29 45 64 85 110 140 173 208 246 
4 9 17 29 45 64 85 110 140 173 208 246 
4 9 17 29 45 64 85 110 140 173 208 246 
4 9 17 29 45 64 85 110 140 173 208 246 
4 9 17 29 45 64 85 110 140 173 208 246 
4 9 17 29 45 64 85 110 140 173 208 246 
4 9 17 29 45 64 85 110 140 173 208 246 
4 9 17 29 45 64 85 110 140 173 208 246 
4 9 17 29 45 64 85 110 140 173 208 246 
4 9 17 29 45 64 85 110 140 173 208 246 
