4 11 19 32 49 75 105 131 159 196 253 298 
4 11 19 32 49 75 105 131 159 196 253 298 
4 11 18 31 52 77 98 126 164 205 245 285 
4 11 18 31 52 77 98 126 164 205 245 285 
4 10 19 32 51 74 101 130 164 203 242 292 
4 10 19 32 51 74 101 130 164 203 242 292 
4 10 19 32 51 74 100 130 165 203 242 290 
4 10 19 32 51 74 100 130 165 203 242 290 
4 10 19 32 51 74 100 130 165 203 242 290 
4 10 19 32 51 74 100 130 165 203 242 290 
4 10 19 32 51 74 101 130 164 203 242 292 
4 10 19 32 51 74 101 130 164 203 242 292 
4 11 18 31 52 77 98 126 164 205 245 285 
4 11 18 31 52 77 98 126 164 205 245 285 
4 11 19 32 49 75 105 131 159 196 253 298 
4 11 19 32 49 75 105 131 159 196 253 298 
4 11 18 28 49 77 103 126 155 201 251 298 
4 11 18 28 49 77 103 126 155 201 251 298 
4 10 19 32 50 73 101 132 164 199 240 293 
4 10 19 32 50 73 101 132 164 199 240 293 
4 10 21 32 47 74 105 134 159 196 250 298 
4 10 21 32 47 74 105 134 159 196 250 298 
4 10 21 32 47 74 105 134 159 196 250 298 
4 10 21 32 47 74 105 134 159 196 250 298 
4 10 19 32 50 73 101 132 164 199 240 293 
4 10 19 32 50 73 101 132 164 199 240 293 
4 11 18 28 49 77 103 126 155 201 251 298 
4 11 18 28 49 77 103 126 155 201 251 298 
4 11 19 32 49 75 105 131 159 196 253 298 
4 11 19 32 49 75 105 131 159 196 253 298 
4 11 18 31 52 77 98 126 164 205 245 285 
4 11 18 31 52 77 98 126 164 205 245 285 
4 10 19 32 51 74 100 130 165 203 242 290 
4 10 19 32 51 74 100 130 165 203 242 290 
4 10 19 32 51 74 101 130 164 203 242 292 
4 10 19 32 51 74 101 130 164 203 242 292 
4 10 19 32 51 74 101 130 164 203 242 292 
4 10 19 32 51 74 101 130 164 203 242 292 
4 10 19 32 51 74 100 130 165 203 242 290 
4 10 19 32 51 74 100 130 165 203 242 290 
4 11 18 31 52 77 98 126 164 205 245 285 
4 11 18 31 52 77 98 126 164 205 245 285 
4 11 19 32 49 75 105 131 159 196 253 298 
4 11 19 32 49 75 105 131 159 196 253 298 
4 11 18 28 49 77 103 126 155 201 251 298 
4 11 18 28 49 77 103 126 155 201 251 298 
4 10 19 32 50 73 101 132 164 199 240 293 
4 10 19 32 50 73 101 132 164 199 240 293 
4 10 21 32 47 74 105 134 159 196 250 298 
4 10 21 32 47 74 105 134 159 196 250 298 
4 10 21 32 47 74 105 134 159 196 250 298 
4 10 21 32 47 74 105 134 159 196 250 298 
4 10 19 32 50 73 101 132 164 199 240 293 
4 10 19 32 50 73 101 132 164 199 240 293 
4 11 18 28 49 77 103 126 155 201 251 298 
4 11 18 28 49 77 103 126 155 201 251 298 
