4 12 17 27 49 79 99 120 146 192 250 286 
4 10 21 35 46 65 99 134 162 191 223 275 
4 9 18 32 48 69 95 131 160 182 230 287 
4 11 19 30 45 73 102 125 156 187 232 284 
4 10 18 30 48 71 105 126 145 193 243 284 
4 12 20 29 49 73 100 129 157 186 230 286 
4 12 20 29 49 73 100 129 157 186 230 286 
4 10 18 30 48 71 105 126 145 193 243 284 
4 11 19 30 45 73 102 125 156 187 232 284 
4 9 18 32 48 69 95 131 160 182 230 287 
4 10 21 35 46 65 99 134 162 191 223 275 
4 12 17 27 49 79 99 120 146 192 250 286 
4 10 18 31 47 75 98 124 156 189 238 288 
4 9 18 30 49 73 100 117 150 203 238 275 
4 10 19 32 55 70 89 124 160 199 244 281 
4 9 19 37 50 66 92 126 164 200 233 271 
4 9 19 37 50 66 92 126 164 200 233 271 
4 10 19 32 55 70 89 124 160 199 244 281 
4 9 18 30 49 73 100 117 150 203 238 275 
4 10 18 31 47 75 98 124 156 189 238 288 
