4 12 20 37 63 91 118 164 212 245 295 369 
4 12 22 39 65 91 121 163 208 250 301 369 
4 12 20 37 63 91 118 164 212 245 295 369 
4 12 22 39 65 91 121 163 208 250 301 369 
4 12 20 37 63 91 118 164 212 245 295 369 
4 12 22 39 65 91 121 163 208 250 301 369 
4 12 20 37 63 91 118 164 212 245 295 369 
4 12 22 39 65 91 121 163 208 250 301 369 
4 11 24 39 63 95 132 156 199 266 307 356 
4 11 24 41 59 99 130 155 202 262 315 347 
4 11 24 39 63 95 132 156 199 266 307 356 
4 11 24 41 59 99 130 155 202 262 315 347 
4 12 20 37 63 91 118 164 212 245 295 369 
4 12 22 39 65 91 121 163 208 250 301 369 
4 12 20 37 63 91 118 164 212 245 295 369 
4 12 22 39 65 91 121 163 208 250 301 369 
4 12 20 37 63 91 118 164 212 245 295 369 
4 12 22 39 65 91 121 163 208 250 301 369 
4 12 20 37 63 91 118 164 212 245 295 369 
4 12 22 39 65 91 121 163 208 250 301 369 
4 11 24 39 63 95 132 156 199 266 307 356 
4 11 24 41 59 99 130 155 202 262 315 347 
4 11 24 39 63 95 132 156 199 266 307 356 
4 11 24 41 59 99 130 155 202 262 315 347 
