4 11 24 41 63 91 128 171 214 259 313 381 
4 11 24 41 63 91 128 171 214 259 313 381 
4 11 24 41 63 91 128 171 214 259 313 381 
4 11 24 41 63 91 128 171 214 259 313 381 
4 12 24 36 61 101 133 156 204 256 314 391 
4 12 24 36 61 101 133 156 204 256 314 391 
4 12 25 42 68 90 122 167 210 268 318 374 
4 12 23 41 64 92 128 167 207 259 318 378 
4 12 23 41 64 92 128 167 207 259 318 378 
4 12 23 41 64 92 128 167 207 259 318 378 
4 12 23 41 64 92 128 167 207 259 318 378 
4 12 25 42 68 90 122 167 210 268 318 374 
4 12 25 42 68 90 122 167 210 268 318 374 
4 11 24 41 63 91 128 171 214 259 313 381 
4 11 24 41 63 91 128 171 214 259 313 381 
4 11 24 41 63 91 128 171 214 259 313 381 
4 11 24 41 63 91 128 171 214 259 313 381 
4 12 25 42 68 90 122 167 210 268 318 374 
4 12 25 42 68 90 122 167 210 268 318 374 
4 12 23 41 64 92 128 167 207 259 318 378 
4 12 23 41 64 92 128 167 207 259 318 378 
4 12 23 41 64 92 128 167 207 259 318 378 
4 12 23 41 64 92 128 167 207 259 318 378 
4 12 25 42 68 90 122 167 210 268 318 374 
4 12 24 36 61 101 133 156 204 256 314 391 
4 12 24 36 61 101 133 156 204 256 314 391 
4 11 24 41 63 91 128 171 214 259 313 381 
4 11 24 41 63 91 128 171 214 259 313 381 
4 11 24 41 63 91 128 171 214 259 313 381 
4 11 24 41 63 91 128 171 214 259 313 381 
4 12 23 41 64 92 128 167 207 259 318 378 
4 12 23 41 64 92 128 167 207 259 318 378 
4 12 23 41 64 92 128 167 207 259 318 378 
4 12 23 41 64 92 128 167 207 259 318 378 
