4 12 24 38 55 76 105 143 184 223 265 313 
4 12 24 38 55 76 105 143 184 223 265 313 
4 12 24 38 55 76 105 143 184 223 265 313 
4 12 24 38 55 76 105 143 184 223 265 313 
4 10 20 34 54 77 107 140 175 218 267 318 
4 10 20 34 54 77 107 140 175 218 267 318 
4 10 20 34 54 77 107 140 175 218 267 318 
4 10 20 34 54 77 107 140 175 218 267 318 
4 10 20 35 54 77 106 138 177 221 266 314 
4 10 20 35 54 77 106 138 177 221 266 314 
4 10 20 35 54 77 106 138 177 221 266 314 
4 10 20 35 54 77 106 138 177 221 266 314 
4 10 20 35 54 77 106 138 177 221 266 314 
4 10 20 35 54 77 106 138 177 221 266 314 
4 10 20 35 54 77 106 138 177 221 266 314 
4 10 20 35 54 77 106 138 177 221 266 314 
4 10 20 34 54 77 107 140 175 218 267 318 
4 10 20 34 54 77 107 140 175 218 267 318 
4 10 20 34 54 77 107 140 175 218 267 318 
4 10 20 34 54 77 107 140 175 218 267 318 
4 12 24 38 55 76 105 143 184 223 265 313 
4 12 24 38 55 76 105 143 184 223 265 313 
4 12 24 38 55 76 105 143 184 223 265 313 
4 12 24 38 55 76 105 143 184 223 265 313 
4 12 22 33 53 80 109 143 179 217 266 319 
4 12 22 33 53 80 109 143 179 217 266 319 
4 12 23 37 52 74 107 143 183 223 262 311 
4 12 23 37 52 74 107 143 183 223 262 311 
4 12 23 37 52 74 107 143 183 223 262 311 
4 12 23 37 52 74 107 143 183 223 262 311 
4 12 22 33 53 80 109 143 179 217 266 319 
4 12 22 33 53 80 109 143 179 217 266 319 
4 12 24 38 55 76 105 143 184 223 265 313 
4 12 24 38 55 76 105 143 184 223 265 313 
4 12 24 38 55 76 105 143 184 223 265 313 
4 12 24 38 55 76 105 143 184 223 265 313 
4 10 20 34 54 77 107 140 175 218 267 318 
4 10 20 34 54 77 107 140 175 218 267 318 
4 10 20 34 54 77 107 140 175 218 267 318 
4 10 20 34 54 77 107 140 175 218 267 318 
4 10 20 35 54 77 106 138 177 221 266 314 
4 10 20 35 54 77 106 138 177 221 266 314 
4 10 20 35 54 77 106 138 177 221 266 314 
4 10 20 35 54 77 106 138 177 221 266 314 
4 10 20 35 54 77 106 138 177 221 266 314 
4 10 20 35 54 77 106 138 177 221 266 314 
4 10 20 35 54 77 106 138 177 221 266 314 
4 10 20 35 54 77 106 138 177 221 266 314 
4 10 20 34 54 77 107 140 175 218 267 318 
4 10 20 34 54 77 107 140 175 218 267 318 
4 10 20 34 54 77 107 140 175 218 267 318 
4 10 20 34 54 77 107 140 175 218 267 318 
4 12 24 38 55 76 105 143 184 223 265 313 
4 12 24 38 55 76 105 143 184 223 265 313 
4 12 24 38 55 76 105 143 184 223 265 313 
4 12 24 38 55 76 105 143 184 223 265 313 
4 12 23 37 52 74 107 143 183 223 262 311 
4 12 23 37 52 74 107 143 183 223 262 311 
4 12 22 33 53 80 109 143 179 217 266 319 
4 12 22 33 53 80 109 143 179 217 266 319 
4 12 22 33 53 80 109 143 179 217 266 319 
4 12 22 33 53 80 109 143 179 217 266 319 
4 12 23 37 52 74 107 143 183 223 262 311 
4 12 23 37 52 74 107 143 183 223 262 311 
