4 9 17 30 49 71 92 115 147 190 238 283 
4 9 17 30 49 71 92 115 147 190 238 283 
4 9 17 30 49 71 92 115 147 190 238 283 
4 9 17 30 49 71 92 115 147 190 238 283 
4 9 17 30 49 71 92 115 147 190 238 283 
4 9 17 30 49 71 92 115 147 190 238 283 
4 9 17 30 49 71 92 115 147 190 238 283 
4 9 17 30 49 71 92 115 147 190 238 283 
4 9 17 30 49 71 92 115 147 190 238 283 
4 9 17 30 49 71 92 115 147 190 238 283 
4 9 17 30 49 71 92 115 147 190 238 283 
4 9 17 30 49 71 92 115 147 190 238 283 
4 10 20 32 46 66 94 128 162 192 222 262 
4 10 20 32 46 66 94 128 162 192 222 262 
4 10 20 32 46 66 94 128 162 192 222 262 
4 10 20 32 46 66 94 128 162 192 222 262 
4 9 17 30 49 71 92 115 147 190 238 283 
4 9 17 30 49 71 92 115 147 190 238 283 
4 9 17 30 49 71 92 115 147 190 238 283 
4 9 17 30 49 71 92 115 147 190 238 283 
4 10 20 32 46 66 94 128 162 192 222 262 
4 10 20 32 46 66 94 128 162 192 222 262 
4 10 20 32 46 66 94 128 162 192 222 262 
4 10 20 32 46 66 94 128 162 192 222 262 
4 9 17 30 49 71 92 115 147 190 238 283 
4 9 17 30 49 71 92 115 147 190 238 283 
4 9 17 30 49 71 92 115 147 190 238 283 
4 9 17 30 49 71 92 115 147 190 238 283 
4 10 20 32 46 66 94 128 162 192 222 262 
4 10 20 32 46 66 94 128 162 192 222 262 
4 10 20 32 46 66 94 128 162 192 222 262 
4 10 20 32 46 66 94 128 162 192 222 262 
4 9 17 30 49 71 92 115 147 190 238 283 
4 9 17 30 49 71 92 115 147 190 238 283 
4 9 17 30 49 71 92 115 147 190 238 283 
4 9 17 30 49 71 92 115 147 190 238 283 
