4 12 20 39 66 90 118 164 214 245 292 373 
4 12 22 37 64 94 119 161 204 252 304 366 
4 12 20 39 66 90 118 164 214 245 292 373 
4 12 22 37 64 94 119 161 204 252 304 366 
4 12 22 37 64 94 119 161 204 252 304 366 
4 12 20 39 66 90 118 164 214 245 292 373 
4 12 22 37 64 94 119 161 204 252 304 366 
4 12 20 39 66 90 118 164 214 245 292 373 
4 11 24 42 63 93 127 160 206 262 308 356 
4 11 24 42 63 93 127 160 206 262 308 356 
4 11 24 42 63 93 127 160 206 262 308 356 
4 11 24 42 63 93 127 160 206 262 308 356 
4 12 20 39 66 90 118 164 214 245 292 373 
4 12 22 37 64 94 119 161 204 252 304 366 
4 12 20 39 66 90 118 164 214 245 292 373 
4 12 22 37 64 94 119 161 204 252 304 366 
4 12 22 37 64 94 119 161 204 252 304 366 
4 12 20 39 66 90 118 164 214 245 292 373 
4 12 22 37 64 94 119 161 204 252 304 366 
4 12 20 39 66 90 118 164 214 245 292 373 
4 11 24 42 63 93 127 160 206 262 308 356 
4 11 24 42 63 93 127 160 206 262 308 356 
4 11 24 42 63 93 127 160 206 262 308 356 
4 11 24 42 63 93 127 160 206 262 308 356 
