4 9 17 30 50 75 98 118 144 185 238 288 
4 9 17 30 50 75 98 118 144 185 238 288 
4 9 17 30 50 75 98 118 144 185 238 288 
4 9 17 30 50 75 98 118 144 185 238 288 
4 10 20 32 46 64 90 126 164 196 222 258 
4 10 20 32 46 64 90 126 164 196 222 258 
4 9 17 30 50 75 98 118 144 185 238 288 
4 9 17 30 50 75 98 118 144 185 238 288 
4 9 17 30 50 75 98 118 144 185 238 288 
4 9 17 30 50 75 98 118 144 185 238 288 
4 9 17 30 50 75 98 118 144 185 238 288 
4 9 17 30 50 75 98 118 144 185 238 288 
4 9 17 30 50 75 98 118 144 185 238 288 
4 9 17 30 50 75 98 118 144 185 238 288 
4 10 20 32 46 64 90 126 164 196 222 258 
4 10 20 32 46 64 90 126 164 196 222 258 
4 10 20 32 46 64 90 126 164 196 222 258 
4 10 20 32 46 64 90 126 164 196 222 258 
4 10 20 32 46 64 90 126 164 196 222 258 
4 10 20 32 46 64 90 126 164 196 222 258 
4 10 20 32 46 64 90 126 164 196 222 258 
4 10 20 32 46 64 90 126 164 196 222 258 
4 9 17 30 50 75 98 118 144 185 238 288 
4 9 17 30 50 75 98 118 144 185 238 288 
4 9 17 30 50 75 98 118 144 185 238 288 
4 9 17 30 50 75 98 118 144 185 238 288 
4 9 17 30 50 75 98 118 144 185 238 288 
4 9 17 30 50 75 98 118 144 185 238 288 
4 9 17 30 50 75 98 118 144 185 238 288 
4 9 17 30 50 75 98 118 144 185 238 288 
4 10 20 32 46 64 90 126 164 196 222 258 
4 10 20 32 46 64 90 126 164 196 222 258 
4 9 17 30 50 75 98 118 144 185 238 288 
4 9 17 30 50 75 98 118 144 185 238 288 
4 9 17 30 50 75 98 118 144 185 238 288 
4 9 17 30 50 75 98 118 144 185 238 288 
