4 11 20 37 54 82 112 142 182 226 278 331 
4 11 20 37 54 82 112 142 182 226 278 331 
4 11 20 37 54 82 112 142 182 226 278 331 
4 11 20 37 54 82 112 142 182 226 278 331 
4 10 20 35 56 82 111 143 180 228 281 329 
4 10 20 35 56 82 111 143 180 228 281 329 
4 10 21 36 56 82 113 145 180 224 278 332 
4 10 21 36 56 82 113 145 180 224 278 332 
4 10 21 36 57 82 111 145 183 231 270 328 
4 10 20 36 58 82 109 144 186 230 276 321 
4 10 20 36 58 82 109 144 186 230 276 321 
4 10 21 36 57 82 111 145 183 231 270 328 
4 11 22 36 56 78 110 148 184 225 273 330 
4 11 22 36 56 78 110 148 184 225 273 330 
4 11 22 36 56 78 110 148 184 225 273 330 
4 11 22 36 56 78 110 148 184 225 273 330 
4 10 20 36 58 82 109 144 186 230 276 321 
4 10 20 36 58 82 109 144 186 230 276 321 
4 10 21 36 57 82 111 145 183 231 270 328 
4 10 21 36 57 82 111 145 183 231 270 328 
4 10 21 36 56 82 113 145 180 224 278 332 
4 10 21 36 56 82 113 145 180 224 278 332 
4 10 20 35 56 82 111 143 180 228 281 329 
4 10 20 35 56 82 111 143 180 228 281 329 
4 11 20 37 54 82 112 142 182 226 278 331 
4 11 20 37 54 82 112 142 182 226 278 331 
4 11 20 37 54 82 112 142 182 226 278 331 
4 11 20 37 54 82 112 142 182 226 278 331 
4 10 20 35 56 82 111 143 180 228 281 329 
4 10 20 35 56 82 111 143 180 228 281 329 
4 10 21 36 56 82 113 145 180 224 278 332 
4 10 21 36 56 82 113 145 180 224 278 332 
4 10 21 36 57 82 111 145 183 231 270 328 
4 10 20 36 58 82 109 144 186 230 276 321 
4 10 20 36 58 82 109 144 186 230 276 321 
4 10 21 36 57 82 111 145 183 231 270 328 
4 11 22 36 56 78 110 148 184 225 273 330 
4 11 22 36 56 78 110 148 184 225 273 330 
4 11 22 36 56 78 110 148 184 225 273 330 
4 11 22 36 56 78 110 148 184 225 273 330 
4 10 20 36 58 82 109 144 186 230 276 321 
4 10 20 36 58 82 109 144 186 230 276 321 
4 10 21 36 57 82 111 145 183 231 270 328 
4 10 21 36 57 82 111 145 183 231 270 328 
4 10 21 36 56 82 113 145 180 224 278 332 
4 10 21 36 56 82 113 145 180 224 278 332 
4 10 20 35 56 82 111 143 180 228 281 329 
4 10 20 35 56 82 111 143 180 228 281 329 
