4 9 16 25 39 58 80 107 143 185 220 254 
4 9 16 25 39 58 80 107 143 185 220 254 
4 9 17 28 43 62 83 109 138 170 214 255 
4 9 17 28 43 62 83 109 138 170 214 255 
4 9 17 28 43 62 83 109 138 170 214 255 
4 9 17 28 43 62 83 109 138 170 214 255 
4 9 17 28 41 57 80 113 151 189 226 260 
4 9 17 28 41 57 80 113 151 189 226 260 
4 9 18 31 45 63 86 111 140 172 210 253 
4 9 18 31 45 63 86 111 140 172 210 253 
4 9 16 25 39 58 80 107 143 185 220 254 
4 9 16 25 39 58 80 107 143 185 220 254 
4 9 16 25 39 58 80 107 143 185 220 254 
4 9 16 25 39 58 80 107 143 185 220 254 
4 9 18 31 45 63 86 111 140 172 210 253 
4 9 18 31 45 63 86 111 140 172 210 253 
4 9 17 28 41 57 80 113 151 189 226 260 
4 9 17 28 41 57 80 113 151 189 226 260 
4 9 16 25 39 58 80 107 143 185 220 254 
4 9 17 28 43 62 83 109 138 170 214 255 
4 9 17 28 43 62 83 109 138 170 214 255 
4 9 17 28 43 62 83 109 138 170 214 255 
4 9 17 28 43 62 83 109 138 170 214 255 
4 9 16 25 39 58 80 107 143 185 220 254 
4 9 17 28 41 57 80 113 151 189 226 260 
4 9 17 28 41 57 80 113 151 189 226 260 
4 9 18 31 45 63 86 111 140 172 210 253 
4 9 18 31 45 63 86 111 140 172 210 253 
4 9 17 28 41 57 80 113 151 189 226 260 
4 9 17 28 41 57 80 113 151 189 226 260 
4 9 18 31 45 63 86 111 140 172 210 253 
4 9 18 31 45 63 86 111 140 172 210 253 
4 9 16 25 39 58 80 107 143 185 220 254 
4 9 16 25 39 58 80 107 143 185 220 254 
4 9 17 28 43 62 83 109 138 170 214 255 
4 9 17 28 43 62 83 109 138 170 214 255 
4 9 17 28 43 62 83 109 138 170 214 255 
4 9 17 28 43 62 83 109 138 170 214 255 
4 9 16 25 39 58 80 107 143 185 220 254 
4 9 16 25 39 58 80 107 143 185 220 254 
4 9 18 31 45 63 86 111 140 172 210 253 
4 9 18 31 45 63 86 111 140 172 210 253 
4 9 17 28 41 57 80 113 151 189 226 260 
4 9 17 28 41 57 80 113 151 189 226 260 
4 9 18 31 45 63 86 111 140 172 210 253 
4 9 18 31 45 63 86 111 140 172 210 253 
4 9 17 28 41 57 80 113 151 189 226 260 
4 9 17 28 41 57 80 113 151 189 226 260 
