4 12 25 41 58 83 126 165 196 239 307 370 
4 12 25 41 58 83 126 165 196 239 307 370 
4 12 25 41 58 83 126 165 196 239 307 370 
4 12 25 41 58 83 126 165 196 239 307 370 
4 12 25 41 58 83 126 165 196 239 307 370 
4 12 25 41 58 83 126 165 196 239 307 370 
4 12 25 41 58 83 126 165 196 239 307 370 
4 12 25 41 58 83 126 165 196 239 307 370 
4 12 23 36 62 90 117 162 190 258 303 354 
4 12 23 36 62 90 117 162 190 258 303 354 
4 10 19 36 53 85 115 156 194 241 297 352 
4 10 19 36 53 85 115 156 194 241 297 352 
4 10 19 36 53 85 115 156 194 241 297 352 
4 10 19 36 53 85 115 156 194 241 297 352 
4 12 18 36 59 87 115 152 199 246 293 346 
4 12 18 36 59 87 115 152 199 246 293 346 
4 12 18 36 59 87 115 152 199 246 293 346 
4 12 18 36 59 87 115 152 199 246 293 346 
4 12 18 32 59 96 120 141 195 261 301 339 
4 12 18 32 59 96 120 141 195 261 301 339 
4 12 18 32 59 96 120 141 195 261 301 339 
4 12 18 32 59 96 120 141 195 261 301 339 
4 10 19 31 59 90 116 141 195 252 295 336 
4 10 19 31 59 90 116 141 195 252 295 336 
4 10 19 31 59 90 116 141 195 252 295 336 
4 10 19 31 59 90 116 141 195 252 295 336 
4 10 20 28 58 94 116 146 192 258 300 342 
4 10 20 28 58 94 116 146 192 258 300 342 
4 10 20 28 58 94 116 146 192 258 300 342 
4 10 20 28 58 94 116 146 192 258 300 342 
4 10 19 31 59 90 116 141 195 252 295 336 
4 10 19 31 59 90 116 141 195 252 295 336 
4 10 19 31 59 90 116 141 195 252 295 336 
4 10 19 31 59 90 116 141 195 252 295 336 
4 12 18 32 59 96 120 141 195 261 301 339 
4 12 18 32 59 96 120 141 195 261 301 339 
4 12 18 32 59 96 120 141 195 261 301 339 
4 12 18 32 59 96 120 141 195 261 301 339 
4 12 18 36 59 87 115 152 199 246 293 346 
4 12 18 36 59 87 115 152 199 246 293 346 
4 12 18 36 59 87 115 152 199 246 293 346 
4 12 18 36 59 87 115 152 199 246 293 346 
4 10 19 36 53 85 115 156 194 241 297 352 
4 10 19 36 53 85 115 156 194 241 297 352 
4 10 19 36 53 85 115 156 194 241 297 352 
4 10 19 36 53 85 115 156 194 241 297 352 
4 12 23 36 62 90 117 162 190 258 303 354 
4 12 23 36 62 90 117 162 190 258 303 354 
4 12 25 41 58 83 126 165 196 239 307 370 
4 12 25 41 58 83 126 165 196 239 307 370 
4 12 25 41 58 83 126 165 196 239 307 370 
4 12 25 41 58 83 126 165 196 239 307 370 
4 12 25 41 58 83 126 165 196 239 307 370 
4 12 25 41 58 83 126 165 196 239 307 370 
4 12 25 41 58 83 126 165 196 239 307 370 
4 12 25 41 58 83 126 165 196 239 307 370 
4 12 23 36 62 90 117 162 190 258 303 354 
4 12 23 36 62 90 117 162 190 258 303 354 
4 10 19 36 53 85 115 156 194 241 297 352 
4 10 19 36 53 85 115 156 194 241 297 352 
4 10 19 36 53 85 115 156 194 241 297 352 
4 10 19 36 53 85 115 156 194 241 297 352 
4 12 18 36 59 87 115 152 199 246 293 346 
4 12 18 36 59 87 115 152 199 246 293 346 
4 12 18 36 59 87 115 152 199 246 293 346 
4 12 18 36 59 87 115 152 199 246 293 346 
4 12 18 32 59 96 120 141 195 261 301 339 
4 12 18 32 59 96 120 141 195 261 301 339 
4 12 18 32 59 96 120 141 195 261 301 339 
4 12 18 32 59 96 120 141 195 261 301 339 
4 10 19 31 59 90 116 141 195 252 295 336 
4 10 19 31 59 90 116 141 195 252 295 336 
4 10 19 31 59 90 116 141 195 252 295 336 
4 10 19 31 59 90 116 141 195 252 295 336 
4 10 20 28 58 94 116 146 192 258 300 342 
4 10 20 28 58 94 116 146 192 258 300 342 
4 10 20 28 58 94 116 146 192 258 300 342 
4 10 20 28 58 94 116 146 192 258 300 342 
4 10 19 31 59 90 116 141 195 252 295 336 
4 10 19 31 59 90 116 141 195 252 295 336 
4 10 19 31 59 90 116 141 195 252 295 336 
4 10 19 31 59 90 116 141 195 252 295 336 
4 12 18 32 59 96 120 141 195 261 301 339 
4 12 18 32 59 96 120 141 195 261 301 339 
4 12 18 32 59 96 120 141 195 261 301 339 
4 12 18 32 59 96 120 141 195 261 301 339 
4 12 18 36 59 87 115 152 199 246 293 346 
4 12 18 36 59 87 115 152 199 246 293 346 
4 12 18 36 59 87 115 152 199 246 293 346 
4 12 18 36 59 87 115 152 199 246 293 346 
4 10 19 36 53 85 115 156 194 241 297 352 
4 10 19 36 53 85 115 156 194 241 297 352 
4 10 19 36 53 85 115 156 194 241 297 352 
4 10 19 36 53 85 115 156 194 241 297 352 
4 12 23 36 62 90 117 162 190 258 303 354 
4 12 23 36 62 90 117 162 190 258 303 354 
