4 10 19 31 49 72 97 124 155 194 236 278 
4 10 19 31 49 72 97 124 155 194 236 278 
4 10 19 31 49 72 97 124 155 194 236 278 
4 10 19 31 49 72 97 124 155 194 236 278 
4 9 18 29 48 72 94 124 156 192 236 278 
4 9 18 29 48 72 94 124 156 192 236 278 
4 10 19 31 51 73 93 123 157 195 236 274 
4 9 17 30 49 73 97 120 154 199 237 273 
4 9 17 30 49 73 97 120 154 199 237 273 
4 10 19 31 51 73 93 123 157 195 236 274 
4 10 20 32 48 71 98 126 155 192 237 280 
4 10 20 32 48 71 98 126 155 192 237 280 
4 10 19 31 51 73 93 123 157 195 236 274 
4 9 17 30 49 73 97 120 154 199 237 273 
4 9 17 30 49 73 97 120 154 199 237 273 
4 10 19 31 51 73 93 123 157 195 236 274 
4 10 20 32 48 71 98 126 155 192 237 280 
4 10 20 32 48 71 98 126 155 192 237 280 
4 9 18 29 48 72 94 124 156 192 236 278 
4 9 18 29 48 72 94 124 156 192 236 278 
4 10 19 31 49 72 97 124 155 194 236 278 
4 10 19 31 49 72 97 124 155 194 236 278 
4 10 19 31 49 72 97 124 155 194 236 278 
4 10 19 31 49 72 97 124 155 194 236 278 
4 10 19 31 49 72 97 124 155 194 236 278 
4 10 19 31 49 72 97 124 155 194 236 278 
4 10 19 31 49 72 97 124 155 194 236 278 
4 10 19 31 49 72 97 124 155 194 236 278 
4 9 18 29 48 72 94 124 156 192 236 278 
4 9 18 29 48 72 94 124 156 192 236 278 
4 10 19 31 51 73 93 123 157 195 236 274 
4 9 17 30 49 73 97 120 154 199 237 273 
4 9 17 30 49 73 97 120 154 199 237 273 
4 10 19 31 51 73 93 123 157 195 236 274 
4 10 20 32 48 71 98 126 155 192 237 280 
4 10 20 32 48 71 98 126 155 192 237 280 
4 10 19 31 51 73 93 123 157 195 236 274 
4 9 17 30 49 73 97 120 154 199 237 273 
4 9 17 30 49 73 97 120 154 199 237 273 
4 10 19 31 51 73 93 123 157 195 236 274 
4 10 20 32 48 71 98 126 155 192 237 280 
4 10 20 32 48 71 98 126 155 192 237 280 
4 9 18 29 48 72 94 124 156 192 236 278 
4 9 18 29 48 72 94 124 156 192 236 278 
4 10 19 31 49 72 97 124 155 194 236 278 
4 10 19 31 49 72 97 124 155 194 236 278 
4 10 19 31 49 72 97 124 155 194 236 278 
4 10 19 31 49 72 97 124 155 194 236 278 
