4 12 21 39 66 95 126 169 221 265 311 380 
4 12 21 39 66 95 126 169 221 265 311 380 
4 12 21 39 66 95 126 169 221 265 311 380 
4 12 21 39 66 95 126 169 221 265 311 380 
4 12 23 40 66 96 131 164 214 272 317 384 
4 12 27 43 62 97 139 172 206 264 336 387 
4 12 27 43 62 97 139 172 206 264 336 387 
4 12 27 43 62 97 139 172 206 264 336 387 
4 12 27 43 62 97 139 172 206 264 336 387 
4 12 23 40 66 96 131 164 214 272 317 384 
4 12 21 39 66 95 126 169 221 265 311 380 
4 12 21 39 66 95 126 169 221 265 311 380 
4 12 21 39 66 95 126 169 221 265 311 380 
4 12 21 39 66 95 126 169 221 265 311 380 
4 12 20 35 67 104 121 157 223 276 308 365 
4 12 20 35 67 104 121 157 223 276 308 365 
4 12 20 35 67 104 121 157 223 276 308 365 
4 12 20 35 67 104 121 157 223 276 308 365 
4 12 21 39 66 95 126 169 221 265 311 380 
4 12 21 39 66 95 126 169 221 265 311 380 
4 12 21 39 66 95 126 169 221 265 311 380 
4 12 21 39 66 95 126 169 221 265 311 380 
4 12 23 40 66 96 131 164 214 272 317 384 
4 12 27 43 62 97 139 172 206 264 336 387 
4 12 27 43 62 97 139 172 206 264 336 387 
4 12 27 43 62 97 139 172 206 264 336 387 
4 12 27 43 62 97 139 172 206 264 336 387 
4 12 23 40 66 96 131 164 214 272 317 384 
4 12 21 39 66 95 126 169 221 265 311 380 
4 12 21 39 66 95 126 169 221 265 311 380 
4 12 21 39 66 95 126 169 221 265 311 380 
4 12 21 39 66 95 126 169 221 265 311 380 
4 12 20 35 67 104 121 157 223 276 308 365 
4 12 20 35 67 104 121 157 223 276 308 365 
4 12 20 35 67 104 121 157 223 276 308 365 
4 12 20 35 67 104 121 157 223 276 308 365 
