4 11 22 38 63 91 115 147 195 244 291 336 
4 11 22 38 63 91 115 147 195 244 291 336 
4 11 22 38 58 86 121 156 191 229 284 352 
4 11 22 38 58 86 121 156 191 229 284 352 
4 11 22 38 58 86 121 156 191 229 284 352 
4 11 22 38 58 86 121 156 191 229 284 352 
4 11 22 38 63 91 115 147 195 244 291 336 
4 11 22 38 63 91 115 147 195 244 291 336 
4 12 25 38 57 86 119 158 194 233 285 343 
4 12 25 38 57 86 119 158 194 233 285 343 
4 12 21 39 63 85 117 154 192 242 286 333 
4 12 21 39 63 85 117 154 192 242 286 333 
4 12 21 39 63 85 117 154 192 242 286 333 
4 12 21 39 63 85 117 154 192 242 286 333 
4 12 25 38 57 86 119 158 194 233 285 343 
4 12 25 38 57 86 119 158 194 233 285 343 
4 11 22 38 63 91 115 147 195 244 291 336 
4 11 22 38 63 91 115 147 195 244 291 336 
4 11 22 38 58 86 121 156 191 229 284 352 
4 11 22 38 58 86 121 156 191 229 284 352 
4 11 22 38 58 86 121 156 191 229 284 352 
4 11 22 38 58 86 121 156 191 229 284 352 
4 11 22 38 63 91 115 147 195 244 291 336 
4 11 22 38 63 91 115 147 195 244 291 336 
4 12 25 38 57 86 119 158 194 233 285 343 
4 12 25 38 57 86 119 158 194 233 285 343 
4 12 21 39 63 85 117 154 192 242 286 333 
4 12 21 39 63 85 117 154 192 242 286 333 
4 12 21 39 63 85 117 154 192 242 286 333 
4 12 21 39 63 85 117 154 192 242 286 333 
4 12 25 38 57 86 119 158 194 233 285 343 
4 12 25 38 57 86 119 158 194 233 285 343 
