4 11 20 31 49 72 98 127 161 193 232 288 
4 11 20 31 49 72 98 127 161 193 232 288 
4 11 22 33 47 69 95 125 165 203 228 265 
4 11 22 33 47 69 95 125 165 203 228 265 
4 11 22 33 47 69 95 125 165 203 228 265 
4 11 22 33 47 69 95 125 165 203 228 265 
4 11 20 31 49 72 98 127 161 193 232 288 
4 11 20 31 49 72 98 127 161 193 232 288 
4 11 20 33 49 66 96 132 159 188 237 280 
4 11 20 33 49 66 96 132 159 188 237 280 
4 10 20 32 47 70 97 126 160 196 232 284 
4 10 20 32 47 70 97 126 160 196 232 284 
4 10 20 32 47 70 97 126 160 196 232 284 
4 10 20 32 47 70 97 126 160 196 232 284 
4 11 20 33 49 66 96 132 159 188 237 280 
4 11 20 33 49 66 96 132 159 188 237 280 
4 11 20 31 49 72 98 127 161 193 232 288 
4 11 20 31 49 72 98 127 161 193 232 288 
4 11 22 33 47 69 95 125 165 203 228 265 
4 11 22 33 47 69 95 125 165 203 228 265 
4 11 22 33 47 69 95 125 165 203 228 265 
4 11 22 33 47 69 95 125 165 203 228 265 
4 11 20 31 49 72 98 127 161 193 232 288 
4 11 20 31 49 72 98 127 161 193 232 288 
4 11 20 33 49 66 96 132 159 188 237 280 
4 11 20 33 49 66 96 132 159 188 237 280 
4 10 20 32 47 70 97 126 160 196 232 284 
4 10 20 32 47 70 97 126 160 196 232 284 
4 10 20 32 47 70 97 126 160 196 232 284 
4 10 20 32 47 70 97 126 160 196 232 284 
4 11 20 33 49 66 96 132 159 188 237 280 
4 11 20 33 49 66 96 132 159 188 237 280 
