4 10 21 35 50 74 105 133 165 206 244 292 
4 10 21 35 50 74 105 133 165 206 244 292 
4 11 20 32 53 77 100 135 166 199 252 303 
4 11 20 32 53 77 100 135 166 199 252 303 
4 10 19 32 53 78 102 126 162 209 254 297 
4 10 19 32 53 78 102 126 162 209 254 297 
4 10 18 31 52 77 103 127 159 210 258 293 
4 10 18 31 52 77 103 127 159 210 258 293 
4 10 18 31 52 77 103 127 159 210 258 293 
4 10 18 31 52 77 103 127 159 210 258 293 
4 10 19 32 53 78 102 126 162 209 254 297 
4 10 19 32 53 78 102 126 162 209 254 297 
4 11 20 32 53 77 100 135 166 199 252 303 
4 11 20 32 53 77 100 135 166 199 252 303 
4 10 21 35 50 74 105 133 165 206 244 292 
4 10 21 35 50 74 105 133 165 206 244 292 
4 10 21 35 50 74 105 133 165 206 244 292 
4 10 21 35 50 74 105 133 165 206 244 292 
4 11 20 32 53 77 100 135 166 199 252 303 
4 11 20 32 53 77 100 135 166 199 252 303 
4 10 19 32 53 78 102 126 162 209 254 297 
4 10 19 32 53 78 102 126 162 209 254 297 
4 10 18 31 52 77 103 127 159 210 258 293 
4 10 18 31 52 77 103 127 159 210 258 293 
4 10 18 31 52 77 103 127 159 210 258 293 
4 10 18 31 52 77 103 127 159 210 258 293 
4 10 19 32 53 78 102 126 162 209 254 297 
4 10 19 32 53 78 102 126 162 209 254 297 
4 11 20 32 53 77 100 135 166 199 252 303 
4 11 20 32 53 77 100 135 166 199 252 303 
4 10 21 35 50 74 105 133 165 206 244 292 
4 10 21 35 50 74 105 133 165 206 244 292 
