4 10 19 34 56 75 102 134 173 214 259 304 
4 10 19 34 56 75 102 134 173 214 259 304 
4 10 21 34 52 76 103 137 173 213 256 299 
4 10 21 34 52 76 103 137 173 213 256 299 
4 10 21 34 52 76 103 137 173 213 256 299 
4 10 21 34 52 76 103 137 173 213 256 299 
4 10 19 34 56 75 102 134 173 214 259 304 
4 10 19 34 56 75 102 134 173 214 259 304 
4 11 20 33 55 83 99 135 170 214 265 304 
4 11 19 30 53 80 111 137 168 216 255 300 
4 10 20 34 51 76 108 137 175 218 253 302 
4 10 20 34 51 76 108 137 175 218 253 302 
4 11 22 34 48 78 115 133 171 207 248 317 
4 12 22 35 51 74 107 142 173 207 252 314 
4 12 22 35 51 74 107 142 173 207 252 314 
4 9 19 34 52 79 107 133 171 221 259 295 
4 9 19 34 52 79 107 133 171 221 259 295 
4 11 20 30 50 80 113 143 171 199 247 321 
4 11 21 32 51 77 108 147 173 199 258 311 
4 11 21 32 51 77 108 147 173 199 258 311 
4 11 21 32 51 77 108 147 173 199 258 311 
4 11 21 32 51 77 108 147 173 199 258 311 
4 11 20 30 50 80 113 143 171 199 247 321 
4 9 19 34 52 79 107 133 171 221 259 295 
4 9 19 34 52 79 107 133 171 221 259 295 
4 12 22 35 51 74 107 142 173 207 252 314 
4 12 22 35 51 74 107 142 173 207 252 314 
4 11 22 34 48 78 115 133 171 207 248 317 
4 10 20 34 51 76 108 137 175 218 253 302 
4 10 20 34 51 76 108 137 175 218 253 302 
4 11 19 30 53 80 111 137 168 216 255 300 
4 11 20 33 55 83 99 135 170 214 265 304 
4 10 19 34 56 75 102 134 173 214 259 304 
4 10 19 34 56 75 102 134 173 214 259 304 
4 10 21 34 52 76 103 137 173 213 256 299 
4 10 21 34 52 76 103 137 173 213 256 299 
4 10 21 34 52 76 103 137 173 213 256 299 
4 10 21 34 52 76 103 137 173 213 256 299 
4 10 19 34 56 75 102 134 173 214 259 304 
4 10 19 34 56 75 102 134 173 214 259 304 
4 11 20 33 55 83 99 135 170 214 265 304 
4 11 19 30 53 80 111 137 168 216 255 300 
4 10 20 34 51 76 108 137 175 218 253 302 
4 10 20 34 51 76 108 137 175 218 253 302 
4 11 22 34 48 78 115 133 171 207 248 317 
4 12 22 35 51 74 107 142 173 207 252 314 
4 12 22 35 51 74 107 142 173 207 252 314 
4 9 19 34 52 79 107 133 171 221 259 295 
4 9 19 34 52 79 107 133 171 221 259 295 
4 11 20 30 50 80 113 143 171 199 247 321 
4 11 21 32 51 77 108 147 173 199 258 311 
4 11 21 32 51 77 108 147 173 199 258 311 
4 11 21 32 51 77 108 147 173 199 258 311 
4 11 21 32 51 77 108 147 173 199 258 311 
4 11 20 30 50 80 113 143 171 199 247 321 
4 9 19 34 52 79 107 133 171 221 259 295 
4 9 19 34 52 79 107 133 171 221 259 295 
4 12 22 35 51 74 107 142 173 207 252 314 
4 12 22 35 51 74 107 142 173 207 252 314 
4 11 22 34 48 78 115 133 171 207 248 317 
4 10 20 34 51 76 108 137 175 218 253 302 
4 10 20 34 51 76 108 137 175 218 253 302 
4 11 19 30 53 80 111 137 168 216 255 300 
4 11 20 33 55 83 99 135 170 214 265 304 
