4 10 19 30 47 72 99 127 160 195 235 283 
4 10 19 30 47 72 99 127 160 195 235 283 
4 8 16 29 44 66 94 123 158 197 230 267 
4 8 16 29 44 66 94 123 158 197 230 267 
4 10 19 32 50 70 97 131 161 192 234 282 
4 10 19 30 47 72 99 127 160 195 235 283 
4 10 19 30 47 72 99 127 160 195 235 283 
4 10 19 30 47 72 99 127 160 195 235 283 
4 10 19 30 47 72 99 127 160 195 235 283 
4 10 19 32 50 70 97 131 161 192 234 282 
4 8 16 29 44 66 94 123 158 197 230 267 
4 8 16 29 44 66 94 123 158 197 230 267 
4 10 19 30 47 72 99 127 160 195 235 283 
4 10 19 30 47 72 99 127 160 195 235 283 
4 9 18 33 52 72 94 122 158 200 243 283 
4 9 18 33 52 72 94 122 158 200 243 283 
4 10 19 32 50 70 97 131 161 192 234 282 
4 9 18 33 52 72 94 122 158 200 243 283 
4 9 18 33 52 72 94 122 158 200 243 283 
4 9 18 33 52 72 94 122 158 200 243 283 
4 9 18 33 52 72 94 122 158 200 243 283 
4 10 19 32 50 70 97 131 161 192 234 282 
4 9 18 33 52 72 94 122 158 200 243 283 
4 9 18 33 52 72 94 122 158 200 243 283 
4 10 19 30 47 72 99 127 160 195 235 283 
4 10 19 30 47 72 99 127 160 195 235 283 
4 8 16 29 44 66 94 123 158 197 230 267 
4 8 16 29 44 66 94 123 158 197 230 267 
4 10 19 32 50 70 97 131 161 192 234 282 
4 10 19 30 47 72 99 127 160 195 235 283 
4 10 19 30 47 72 99 127 160 195 235 283 
4 10 19 30 47 72 99 127 160 195 235 283 
4 10 19 30 47 72 99 127 160 195 235 283 
4 10 19 32 50 70 97 131 161 192 234 282 
4 8 16 29 44 66 94 123 158 197 230 267 
4 8 16 29 44 66 94 123 158 197 230 267 
4 10 19 30 47 72 99 127 160 195 235 283 
4 10 19 30 47 72 99 127 160 195 235 283 
4 9 18 33 52 72 94 122 158 200 243 283 
4 9 18 33 52 72 94 122 158 200 243 283 
4 10 19 32 50 70 97 131 161 192 234 282 
4 9 18 33 52 72 94 122 158 200 243 283 
4 9 18 33 52 72 94 122 158 200 243 283 
4 9 18 33 52 72 94 122 158 200 243 283 
4 9 18 33 52 72 94 122 158 200 243 283 
4 10 19 32 50 70 97 131 161 192 234 282 
4 9 18 33 52 72 94 122 158 200 243 283 
4 9 18 33 52 72 94 122 158 200 243 283 
