4 9 17 32 47 72 95 123 157 190 233 279 
4 9 17 32 47 72 95 123 157 190 233 279 
4 9 17 32 47 72 95 123 157 190 233 279 
4 9 17 32 47 72 95 123 157 190 233 279 
4 9 17 34 52 73 92 115 156 201 243 275 
4 9 17 34 52 73 92 115 156 201 243 275 
4 9 17 34 52 73 92 115 156 201 243 275 
4 9 17 34 52 73 92 115 156 201 243 275 
4 9 17 32 47 72 95 123 157 190 233 279 
4 9 17 32 47 72 95 123 157 190 233 279 
4 9 17 32 47 72 95 123 157 190 233 279 
4 9 17 32 47 72 95 123 157 190 233 279 
4 9 17 30 49 74 98 120 154 199 234 275 
4 9 17 30 49 74 98 120 154 199 234 275 
4 9 19 32 52 69 92 123 159 193 234 283 
4 9 19 32 52 69 92 123 159 193 234 283 
4 9 19 32 52 69 92 123 159 193 234 283 
4 9 19 32 52 69 92 123 159 193 234 283 
4 9 18 29 51 69 92 129 159 189 223 282 
4 9 18 29 51 69 92 129 159 189 223 282 
4 11 20 31 46 71 99 124 153 194 237 273 
4 11 20 31 46 71 99 124 153 194 237 273 
4 11 20 31 46 71 99 124 153 194 237 273 
4 11 20 31 46 71 99 124 153 194 237 273 
4 9 19 34 50 68 92 127 162 192 232 284 
4 9 19 34 50 68 92 127 162 192 232 284 
4 10 23 32 44 70 101 131 161 190 224 280 
4 10 23 32 44 70 101 131 161 190 224 280 
4 12 17 36 49 64 102 134 166 178 229 286 
4 12 17 36 49 64 102 134 166 178 229 286 
4 10 23 32 44 70 101 131 161 190 224 280 
4 10 23 32 44 70 101 131 161 190 224 280 
4 9 19 34 50 68 92 127 162 192 232 284 
4 9 19 34 50 68 92 127 162 192 232 284 
4 11 20 31 46 71 99 124 153 194 237 273 
4 11 20 31 46 71 99 124 153 194 237 273 
4 11 20 31 46 71 99 124 153 194 237 273 
4 11 20 31 46 71 99 124 153 194 237 273 
4 9 18 29 51 69 92 129 159 189 223 282 
4 9 18 29 51 69 92 129 159 189 223 282 
4 9 19 32 52 69 92 123 159 193 234 283 
4 9 19 32 52 69 92 123 159 193 234 283 
4 9 19 32 52 69 92 123 159 193 234 283 
4 9 19 32 52 69 92 123 159 193 234 283 
4 9 17 30 49 74 98 120 154 199 234 275 
4 9 17 30 49 74 98 120 154 199 234 275 
4 9 17 32 47 72 95 123 157 190 233 279 
4 9 17 32 47 72 95 123 157 190 233 279 
4 9 17 32 47 72 95 123 157 190 233 279 
4 9 17 32 47 72 95 123 157 190 233 279 
4 9 17 34 52 73 92 115 156 201 243 275 
4 9 17 34 52 73 92 115 156 201 243 275 
4 9 17 34 52 73 92 115 156 201 243 275 
4 9 17 34 52 73 92 115 156 201 243 275 
4 9 17 32 47 72 95 123 157 190 233 279 
4 9 17 32 47 72 95 123 157 190 233 279 
4 9 17 32 47 72 95 123 157 190 233 279 
4 9 17 32 47 72 95 123 157 190 233 279 
4 9 17 30 49 74 98 120 154 199 234 275 
4 9 17 30 49 74 98 120 154 199 234 275 
4 9 19 32 52 69 92 123 159 193 234 283 
4 9 19 32 52 69 92 123 159 193 234 283 
4 9 19 32 52 69 92 123 159 193 234 283 
4 9 19 32 52 69 92 123 159 193 234 283 
4 9 18 29 51 69 92 129 159 189 223 282 
4 9 18 29 51 69 92 129 159 189 223 282 
4 11 20 31 46 71 99 124 153 194 237 273 
4 11 20 31 46 71 99 124 153 194 237 273 
4 11 20 31 46 71 99 124 153 194 237 273 
4 11 20 31 46 71 99 124 153 194 237 273 
4 9 19 34 50 68 92 127 162 192 232 284 
4 9 19 34 50 68 92 127 162 192 232 284 
4 10 23 32 44 70 101 131 161 190 224 280 
4 10 23 32 44 70 101 131 161 190 224 280 
4 10 23 32 44 70 101 131 161 190 224 280 
4 10 23 32 44 70 101 131 161 190 224 280 
4 12 17 36 49 64 102 134 166 178 229 286 
4 12 17 36 49 64 102 134 166 178 229 286 
4 9 19 34 50 68 92 127 162 192 232 284 
4 9 19 34 50 68 92 127 162 192 232 284 
4 11 20 31 46 71 99 124 153 194 237 273 
4 11 20 31 46 71 99 124 153 194 237 273 
4 11 20 31 46 71 99 124 153 194 237 273 
4 11 20 31 46 71 99 124 153 194 237 273 
4 9 18 29 51 69 92 129 159 189 223 282 
4 9 18 29 51 69 92 129 159 189 223 282 
4 9 19 32 52 69 92 123 159 193 234 283 
4 9 19 32 52 69 92 123 159 193 234 283 
4 9 19 32 52 69 92 123 159 193 234 283 
4 9 19 32 52 69 92 123 159 193 234 283 
4 9 17 30 49 74 98 120 154 199 234 275 
4 9 17 30 49 74 98 120 154 199 234 275 
