4 10 18 31 55 77 105 136 166 216 264 303 
4 10 18 31 55 77 105 136 166 216 264 303 
4 11 21 34 53 78 108 138 168 211 263 313 
4 11 21 34 53 78 108 138 168 211 263 313 
4 11 21 34 53 78 108 138 168 211 263 313 
4 11 21 34 53 78 108 138 168 211 263 313 
4 10 18 31 55 77 105 136 166 216 264 303 
4 10 18 31 55 77 105 136 166 216 264 303 
4 10 19 31 50 82 107 132 168 209 262 319 
4 10 19 31 50 82 107 132 168 209 262 319 
4 10 19 31 50 82 107 132 168 209 262 319 
4 10 19 31 50 82 107 132 168 209 262 319 
4 10 19 31 50 82 107 132 168 209 262 319 
4 10 19 31 50 82 107 132 168 209 262 319 
4 10 19 31 50 82 107 132 168 209 262 319 
4 10 19 31 50 82 107 132 168 209 262 319 
4 10 18 31 55 77 105 136 166 216 264 303 
4 10 18 31 55 77 105 136 166 216 264 303 
4 10 18 31 55 77 105 136 166 216 264 303 
4 10 18 31 55 77 105 136 166 216 264 303 
4 11 21 34 53 78 108 138 168 211 263 313 
4 11 21 34 53 78 108 138 168 211 263 313 
4 11 21 34 53 78 108 138 168 211 263 313 
4 11 21 34 53 78 108 138 168 211 263 313 
4 10 21 36 54 77 102 135 181 217 248 301 
4 10 21 36 54 77 102 135 181 217 248 301 
4 10 21 36 54 77 102 135 181 217 248 301 
4 10 21 36 54 77 102 135 181 217 248 301 
4 10 21 36 54 77 102 135 181 217 248 301 
4 10 21 36 54 77 102 135 181 217 248 301 
4 10 21 36 54 77 102 135 181 217 248 301 
4 10 21 36 54 77 102 135 181 217 248 301 
4 10 18 31 55 77 105 136 166 216 264 303 
4 10 18 31 55 77 105 136 166 216 264 303 
4 10 18 31 55 77 105 136 166 216 264 303 
4 10 18 31 55 77 105 136 166 216 264 303 
4 11 21 34 53 78 108 138 168 211 263 313 
4 11 21 34 53 78 108 138 168 211 263 313 
4 11 21 34 53 78 108 138 168 211 263 313 
4 11 21 34 53 78 108 138 168 211 263 313 
4 10 19 31 50 82 107 132 168 209 262 319 
4 10 19 31 50 82 107 132 168 209 262 319 
4 10 19 31 50 82 107 132 168 209 262 319 
4 10 19 31 50 82 107 132 168 209 262 319 
4 10 19 31 50 82 107 132 168 209 262 319 
4 10 19 31 50 82 107 132 168 209 262 319 
4 10 19 31 50 82 107 132 168 209 262 319 
4 10 19 31 50 82 107 132 168 209 262 319 
4 10 18 31 55 77 105 136 166 216 264 303 
4 10 18 31 55 77 105 136 166 216 264 303 
4 11 21 34 53 78 108 138 168 211 263 313 
4 11 21 34 53 78 108 138 168 211 263 313 
4 11 21 34 53 78 108 138 168 211 263 313 
4 11 21 34 53 78 108 138 168 211 263 313 
4 10 18 31 55 77 105 136 166 216 264 303 
4 10 18 31 55 77 105 136 166 216 264 303 
4 10 21 36 54 77 102 135 181 217 248 301 
4 10 21 36 54 77 102 135 181 217 248 301 
4 10 21 36 54 77 102 135 181 217 248 301 
4 10 21 36 54 77 102 135 181 217 248 301 
4 10 21 36 54 77 102 135 181 217 248 301 
4 10 21 36 54 77 102 135 181 217 248 301 
4 10 21 36 54 77 102 135 181 217 248 301 
4 10 21 36 54 77 102 135 181 217 248 301 
