4 11 22 39 57 80 114 156 202 239 283 343 
4 11 22 39 57 80 114 156 202 239 283 343 
4 11 22 36 53 83 119 155 186 236 299 359 
4 11 20 34 57 81 117 155 192 234 297 357 
4 11 22 39 57 80 114 156 202 239 283 343 
4 11 22 39 57 80 114 156 202 239 283 343 
4 11 22 36 53 83 119 155 186 236 299 359 
4 11 20 34 57 81 117 155 192 234 297 357 
4 11 20 32 55 85 112 141 185 243 294 339 
4 11 22 32 51 87 116 139 183 241 296 343 
4 11 22 32 51 87 116 139 183 241 296 343 
4 11 20 32 55 85 112 141 185 243 294 339 
4 11 20 32 55 85 112 141 185 243 294 339 
4 11 22 32 51 87 116 139 183 241 296 343 
4 11 22 32 51 87 116 139 183 241 296 343 
4 11 20 32 55 85 112 141 185 243 294 339 
4 11 22 39 57 80 114 156 202 239 283 343 
4 11 22 39 57 80 114 156 202 239 283 343 
4 11 22 36 53 83 119 155 186 236 299 359 
4 11 20 34 57 81 117 155 192 234 297 357 
4 11 22 39 57 80 114 156 202 239 283 343 
4 11 22 39 57 80 114 156 202 239 283 343 
4 11 22 36 53 83 119 155 186 236 299 359 
4 11 20 34 57 81 117 155 192 234 297 357 
4 12 22 37 56 84 116 154 193 233 288 351 
4 12 21 36 56 83 112 155 196 237 283 349 
4 12 21 36 56 83 112 155 196 237 283 349 
4 12 22 37 56 84 116 154 193 233 288 351 
4 12 22 37 56 84 116 154 193 233 288 351 
4 12 21 36 56 83 112 155 196 237 283 349 
4 12 21 36 56 83 112 155 196 237 283 349 
4 12 22 37 56 84 116 154 193 233 288 351 
4 9 19 37 60 86 117 151 189 238 296 349 
4 9 18 35 61 90 116 146 190 244 296 338 
4 9 18 35 61 90 116 146 190 244 296 338 
4 9 19 37 60 86 117 151 189 238 296 349 
4 9 19 37 60 86 117 151 189 238 296 349 
4 9 18 35 61 90 116 146 190 244 296 338 
4 9 18 35 61 90 116 146 190 244 296 338 
4 9 19 37 60 86 117 151 189 238 296 349 
4 9 19 37 60 86 117 151 189 238 296 349 
4 9 18 35 61 90 116 146 190 244 296 338 
4 9 18 35 61 90 116 146 190 244 296 338 
4 9 19 37 60 86 117 151 189 238 296 349 
4 9 19 37 60 86 117 151 189 238 296 349 
4 9 18 35 61 90 116 146 190 244 296 338 
4 9 18 35 61 90 116 146 190 244 296 338 
4 9 19 37 60 86 117 151 189 238 296 349 
4 12 22 37 56 84 116 154 193 233 288 351 
4 12 21 36 56 83 112 155 196 237 283 349 
4 12 21 36 56 83 112 155 196 237 283 349 
4 12 22 37 56 84 116 154 193 233 288 351 
4 12 22 37 56 84 116 154 193 233 288 351 
4 12 21 36 56 83 112 155 196 237 283 349 
4 12 21 36 56 83 112 155 196 237 283 349 
4 12 22 37 56 84 116 154 193 233 288 351 
