4 9 17 27 39 59 81 95 120 167 206 233 
4 9 17 27 39 59 81 95 120 167 206 233 
4 9 17 27 39 59 81 95 120 167 206 233 
4 9 17 27 39 59 81 95 120 167 206 233 
4 9 17 27 39 59 81 95 120 167 206 233 
4 9 17 27 39 59 81 95 120 167 206 233 
4 9 17 27 39 59 81 95 120 167 206 233 
4 9 17 27 39 59 81 95 120 167 206 233 
4 9 17 27 39 59 81 95 120 167 206 233 
4 9 17 27 39 59 81 95 120 167 206 233 
4 9 17 27 39 59 81 95 120 167 206 233 
4 9 17 27 39 59 81 95 120 167 206 233 
4 9 17 27 39 59 81 95 120 167 206 233 
4 9 17 27 39 59 81 95 120 167 206 233 
4 9 17 27 39 59 81 95 120 167 206 233 
4 9 17 27 39 59 81 95 120 167 206 233 
4 12 18 28 42 55 76 106 135 156 198 234 
4 12 18 28 42 55 76 106 135 156 198 234 
4 10 18 30 36 54 79 104 130 178 185 206 
4 12 18 22 41 61 66 87 133 161 184 237 
4 12 18 22 41 61 66 87 133 161 184 237 
4 10 18 30 36 54 79 104 130 178 185 206 
4 10 18 30 36 54 79 104 130 178 185 206 
4 12 18 28 42 55 76 106 135 156 198 234 
4 12 18 28 42 55 76 106 135 156 198 234 
4 12 18 28 42 55 76 106 135 156 198 234 
4 12 18 28 42 55 76 106 135 156 198 234 
4 9 17 27 39 59 81 95 120 167 206 233 
4 9 17 27 39 59 81 95 120 167 206 233 
4 9 17 27 39 59 81 95 120 167 206 233 
4 9 17 27 39 59 81 95 120 167 206 233 
4 9 17 27 39 59 81 95 120 167 206 233 
4 9 17 27 39 59 81 95 120 167 206 233 
4 9 17 27 39 59 81 95 120 167 206 233 
4 9 17 27 39 59 81 95 120 167 206 233 
4 12 18 28 42 55 76 106 135 156 198 234 
4 12 18 28 42 55 76 106 135 156 198 234 
4 12 18 28 42 55 76 106 135 156 198 234 
4 12 18 28 42 55 76 106 135 156 198 234 
4 10 18 30 36 54 79 104 130 178 185 206 
4 10 18 30 36 54 79 104 130 178 185 206 
4 12 18 22 41 61 66 87 133 161 184 237 
4 12 18 22 41 61 66 87 133 161 184 237 
4 10 18 30 36 54 79 104 130 178 185 206 
4 12 18 28 42 55 76 106 135 156 198 234 
4 12 18 28 42 55 76 106 135 156 198 234 
