4 9 19 38 62 82 108 152 197 229 269 338 
4 9 19 38 62 82 108 152 197 229 269 338 
4 9 19 38 62 82 108 152 197 229 269 338 
4 9 19 38 62 82 108 152 197 229 269 338 
4 9 19 38 61 83 110 149 194 234 274 329 
4 9 19 38 61 83 110 149 194 234 274 329 
4 12 23 36 56 87 121 149 181 231 288 337 
4 12 23 36 56 87 121 149 181 231 288 337 
4 12 23 36 56 87 121 149 181 231 288 337 
4 12 23 36 56 87 121 149 181 231 288 337 
4 9 19 38 61 83 110 149 194 234 274 329 
4 9 19 38 61 83 110 149 194 234 274 329 
4 9 19 38 62 82 108 152 197 229 269 338 
4 9 19 38 62 82 108 152 197 229 269 338 
4 9 19 38 62 82 108 152 197 229 269 338 
4 9 19 38 62 82 108 152 197 229 269 338 
4 9 19 38 61 83 110 149 194 234 274 329 
4 9 19 38 61 83 110 149 194 234 274 329 
4 12 23 36 56 87 121 149 181 231 288 337 
4 12 23 36 56 87 121 149 181 231 288 337 
4 12 23 36 56 87 121 149 181 231 288 337 
4 12 23 36 56 87 121 149 181 231 288 337 
4 9 19 38 61 83 110 149 194 234 274 329 
4 9 19 38 61 83 110 149 194 234 274 329 
