4 10 19 32 49 69 98 132 161 190 233 289 
4 10 19 32 49 69 98 132 161 190 233 289 
4 10 19 32 49 69 98 132 161 190 233 289 
4 10 19 32 49 69 98 132 161 190 233 289 
4 10 19 32 49 69 98 132 161 190 233 289 
4 10 19 32 49 69 98 132 161 190 233 289 
4 10 19 32 49 69 98 132 161 190 233 289 
4 10 19 32 49 69 98 132 161 190 233 289 
4 11 18 31 49 72 96 125 159 194 237 285 
4 11 18 31 49 72 96 125 159 194 237 285 
4 11 18 31 49 72 96 125 159 194 237 285 
4 11 18 31 49 72 96 125 159 194 237 285 
4 11 20 27 43 73 99 117 147 198 246 281 
4 11 20 27 43 73 99 117 147 198 246 281 
4 9 18 32 50 72 98 128 158 192 240 291 
4 9 18 32 50 72 98 128 158 192 240 291 
4 9 18 32 50 72 98 128 158 192 240 291 
4 9 18 32 50 72 98 128 158 192 240 291 
4 9 18 32 50 72 98 128 158 192 240 291 
4 9 18 32 50 72 98 128 158 192 240 291 
4 9 18 32 50 72 98 128 158 192 240 291 
4 9 18 32 50 72 98 128 158 192 240 291 
4 11 20 27 43 73 99 117 147 198 246 281 
4 11 20 27 43 73 99 117 147 198 246 281 
4 11 18 31 49 72 96 125 159 194 237 285 
4 11 18 31 49 72 96 125 159 194 237 285 
4 11 18 31 49 72 96 125 159 194 237 285 
4 11 18 31 49 72 96 125 159 194 237 285 
4 10 19 32 49 69 98 132 161 190 233 289 
4 10 19 32 49 69 98 132 161 190 233 289 
4 10 19 32 49 69 98 132 161 190 233 289 
4 10 19 32 49 69 98 132 161 190 233 289 
4 10 19 32 49 69 98 132 161 190 233 289 
4 10 19 32 49 69 98 132 161 190 233 289 
4 10 19 32 49 69 98 132 161 190 233 289 
4 10 19 32 49 69 98 132 161 190 233 289 
4 11 18 31 49 72 96 125 159 194 237 285 
4 11 18 31 49 72 96 125 159 194 237 285 
4 11 18 31 49 72 96 125 159 194 237 285 
4 11 18 31 49 72 96 125 159 194 237 285 
4 11 20 27 43 73 99 117 147 198 246 281 
4 11 20 27 43 73 99 117 147 198 246 281 
4 9 18 32 50 72 98 128 158 192 240 291 
4 9 18 32 50 72 98 128 158 192 240 291 
4 9 18 32 50 72 98 128 158 192 240 291 
4 9 18 32 50 72 98 128 158 192 240 291 
4 9 18 32 50 72 98 128 158 192 240 291 
4 9 18 32 50 72 98 128 158 192 240 291 
4 9 18 32 50 72 98 128 158 192 240 291 
4 9 18 32 50 72 98 128 158 192 240 291 
4 11 20 27 43 73 99 117 147 198 246 281 
4 11 20 27 43 73 99 117 147 198 246 281 
4 11 18 31 49 72 96 125 159 194 237 285 
4 11 18 31 49 72 96 125 159 194 237 285 
4 11 18 31 49 72 96 125 159 194 237 285 
4 11 18 31 49 72 96 125 159 194 237 285 
