4 10 21 37 57 84 115 145 185 231 282 337 
4 10 21 37 57 83 114 147 184 234 283 333 
4 10 21 37 57 83 114 147 184 234 283 333 
4 10 21 37 57 84 115 145 185 231 282 337 
4 10 21 37 57 84 115 145 185 231 282 337 
4 10 21 37 57 83 114 147 184 234 283 333 
4 10 21 37 57 83 114 147 184 234 283 333 
4 10 21 37 57 84 115 145 185 231 282 337 
4 11 22 37 59 83 113 150 189 233 280 330 
4 11 22 37 59 83 113 150 189 233 280 330 
4 11 22 36 57 82 111 151 190 231 279 334 
4 11 22 36 57 82 111 151 190 231 279 334 
4 9 20 37 59 83 112 149 188 233 279 331 
4 9 20 38 57 78 111 148 185 230 282 334 
4 9 20 38 57 78 111 148 185 230 282 334 
4 9 20 37 59 83 112 149 188 233 279 331 
4 10 20 36 59 85 113 145 186 232 282 334 
4 10 20 37 59 85 115 146 183 233 285 335 
4 10 20 37 59 85 115 146 183 233 285 335 
4 10 20 36 59 85 113 145 186 232 282 334 
4 10 20 37 59 85 115 146 183 233 285 335 
4 10 20 37 59 85 115 146 183 233 285 335 
4 10 20 36 59 85 113 145 186 232 282 334 
4 10 20 36 59 85 113 145 186 232 282 334 
4 9 20 38 57 78 111 148 185 230 282 334 
4 9 20 37 59 83 112 149 188 233 279 331 
4 9 20 37 59 83 112 149 188 233 279 331 
4 9 20 38 57 78 111 148 185 230 282 334 
4 11 22 36 57 82 111 151 190 231 279 334 
4 11 22 37 59 83 113 150 189 233 280 330 
4 11 22 37 59 83 113 150 189 233 280 330 
4 11 22 36 57 82 111 151 190 231 279 334 
