4 9 19 36 55 79 111 143 183 230 269 321 
4 9 19 36 55 79 111 143 183 230 269 321 
4 9 19 36 55 79 111 143 183 230 269 321 
4 9 19 36 55 79 111 143 183 230 269 321 
4 8 18 36 54 78 110 146 182 226 270 322 
4 8 18 36 54 78 110 146 182 226 270 322 
4 9 19 36 55 79 110 146 182 222 277 326 
4 9 19 36 55 79 110 146 182 222 277 326 
4 9 19 36 55 79 110 146 182 222 277 326 
4 9 19 36 55 79 110 146 182 222 277 326 
4 9 19 36 55 79 110 146 182 222 277 326 
4 9 19 36 55 79 110 146 182 222 277 326 
4 9 19 36 55 79 110 146 182 222 277 326 
4 9 19 36 55 79 110 146 182 222 277 326 
4 8 18 36 54 78 110 146 182 226 270 322 
4 8 18 36 54 78 110 146 182 226 270 322 
4 9 19 36 55 79 111 143 183 230 269 321 
4 9 19 36 55 79 111 143 183 230 269 321 
4 9 19 36 55 79 111 143 183 230 269 321 
4 9 19 36 55 79 111 143 183 230 269 321 
