4 11 23 39 58 82 116 152 187 231 285 335 
4 11 23 39 58 82 116 152 187 231 285 335 
4 11 21 37 61 87 114 147 189 233 277 333 
4 11 21 37 61 87 114 147 189 233 277 333 
4 11 21 37 61 87 114 147 189 233 277 333 
4 11 21 37 61 87 114 147 189 233 277 333 
4 11 23 39 58 82 116 152 187 231 285 335 
4 11 23 39 58 82 116 152 187 231 285 335 
4 10 19 36 60 85 111 147 192 232 277 332 
4 10 19 36 60 85 111 147 192 232 277 332 
4 10 19 36 60 85 111 147 192 232 277 332 
4 10 19 36 60 85 111 147 192 232 277 332 
4 11 23 39 58 82 116 152 187 231 285 335 
4 11 23 39 58 82 116 152 187 231 285 335 
4 11 21 37 61 87 114 147 189 233 277 333 
4 11 21 37 61 87 114 147 189 233 277 333 
4 11 21 37 61 87 114 147 189 233 277 333 
4 11 21 37 61 87 114 147 189 233 277 333 
4 11 23 39 58 82 116 152 187 231 285 335 
4 11 23 39 58 82 116 152 187 231 285 335 
4 10 19 36 60 85 111 147 192 232 277 332 
4 10 19 36 60 85 111 147 192 232 277 332 
4 10 19 36 60 85 111 147 192 232 277 332 
4 10 19 36 60 85 111 147 192 232 277 332 
