4 9 17 32 52 72 97 128 163 202 242 284 
4 9 17 32 52 72 97 128 163 202 242 284 
4 9 19 33 52 77 97 122 166 210 240 282 
4 9 19 33 52 77 97 122 166 210 240 282 
4 9 19 33 52 77 97 122 166 210 240 282 
4 9 19 33 52 77 97 122 166 210 240 282 
4 9 17 32 52 72 97 128 163 202 242 284 
4 9 17 32 52 72 97 128 163 202 242 284 
4 10 18 33 56 74 94 128 167 204 245 284 
4 10 18 33 56 74 94 128 167 204 245 284 
4 10 21 34 47 72 107 132 158 198 242 294 
4 10 21 34 47 72 107 132 158 198 242 294 
4 10 21 34 47 72 107 132 158 198 242 294 
4 10 21 34 47 72 107 132 158 198 242 294 
4 10 18 33 56 74 94 128 167 204 245 284 
4 10 18 33 56 74 94 128 167 204 245 284 
