4 8 16 29 46 68 100 119 151 207 228 266 
4 8 16 29 46 68 100 119 151 207 228 266 
4 8 16 29 46 68 100 119 151 207 228 266 
4 8 16 29 46 68 100 119 151 207 228 266 
4 8 16 29 46 68 100 119 151 207 228 266 
4 8 16 29 46 68 100 119 151 207 228 266 
4 8 15 28 52 66 91 126 160 193 231 288 
4 8 15 28 52 66 91 126 160 193 231 288 
4 8 16 29 46 68 100 119 151 207 228 266 
4 8 16 29 46 68 100 119 151 207 228 266 
4 8 15 28 52 66 91 126 160 193 231 288 
4 8 15 28 52 66 91 126 160 193 231 288 
4 8 15 28 52 66 91 126 160 193 231 288 
4 8 15 28 52 66 91 126 160 193 231 288 
4 8 15 28 52 66 91 126 160 193 231 288 
4 8 15 28 52 66 91 126 160 193 231 288 
4 8 15 28 52 66 91 126 160 193 231 288 
4 8 15 28 52 66 91 126 160 193 231 288 
4 8 15 28 52 66 91 126 160 193 231 288 
4 8 16 29 46 68 100 119 151 207 228 266 
4 8 16 29 46 68 100 119 151 207 228 266 
4 8 15 28 52 66 91 126 160 193 231 288 
4 8 16 29 46 68 100 119 151 207 228 266 
4 8 16 29 46 68 100 119 151 207 228 266 
4 8 16 29 46 68 100 119 151 207 228 266 
4 8 16 29 46 68 100 119 151 207 228 266 
4 8 16 29 46 68 100 119 151 207 228 266 
4 8 16 29 46 68 100 119 151 207 228 266 
4 8 16 29 46 68 100 119 151 207 228 266 
4 8 16 29 46 68 100 119 151 207 228 266 
4 8 15 28 52 66 91 126 160 193 231 288 
4 8 15 28 52 66 91 126 160 193 231 288 
4 8 16 29 46 68 100 119 151 207 228 266 
4 8 16 29 46 68 100 119 151 207 228 266 
4 8 15 28 52 66 91 126 160 193 231 288 
4 8 15 28 52 66 91 126 160 193 231 288 
4 8 15 28 52 66 91 126 160 193 231 288 
4 8 15 28 52 66 91 126 160 193 231 288 
4 8 15 28 52 66 91 126 160 193 231 288 
4 8 15 28 52 66 91 126 160 193 231 288 
4 8 15 28 52 66 91 126 160 193 231 288 
4 8 15 28 52 66 91 126 160 193 231 288 
4 8 15 28 52 66 91 126 160 193 231 288 
4 8 16 29 46 68 100 119 151 207 228 266 
4 8 16 29 46 68 100 119 151 207 228 266 
4 8 15 28 52 66 91 126 160 193 231 288 
4 8 16 29 46 68 100 119 151 207 228 266 
4 8 16 29 46 68 100 119 151 207 228 266 
