4 9 20 35 53 79 106 139 181 218 262 316 
4 9 20 35 53 79 106 139 181 218 262 316 
4 10 20 34 55 80 105 137 180 225 263 307 
4 10 20 34 55 80 105 137 180 225 263 307 
4 10 20 34 55 80 105 137 180 225 263 307 
4 10 20 34 55 80 105 137 180 225 263 307 
4 9 20 35 53 79 106 139 181 218 262 316 
4 9 20 35 53 79 106 139 181 218 262 316 
4 11 21 35 56 81 110 140 175 223 270 313 
4 11 21 35 56 81 110 140 175 223 270 313 
4 10 20 37 57 78 105 143 184 216 258 318 
4 10 20 37 57 78 105 143 184 216 258 318 
4 10 21 36 55 80 110 141 176 217 269 322 
4 10 21 36 55 80 110 141 176 217 269 322 
4 10 20 36 56 77 106 147 184 212 258 324 
4 10 20 36 56 77 106 147 184 212 258 324 
4 10 20 36 56 77 106 147 184 212 258 324 
4 10 20 36 56 77 106 147 184 212 258 324 
4 10 21 36 55 80 110 141 176 217 269 322 
4 10 20 37 57 78 105 143 184 216 258 318 
4 10 20 37 57 78 105 143 184 216 258 318 
4 10 21 36 55 80 110 141 176 217 269 322 
4 11 21 35 56 81 110 140 175 223 270 313 
4 11 21 35 56 81 110 140 175 223 270 313 
4 9 20 35 53 79 106 139 181 218 262 316 
4 9 20 35 53 79 106 139 181 218 262 316 
4 10 20 34 55 80 105 137 180 225 263 307 
4 10 20 34 55 80 105 137 180 225 263 307 
4 10 20 34 55 80 105 137 180 225 263 307 
4 10 20 34 55 80 105 137 180 225 263 307 
4 9 20 35 53 79 106 139 181 218 262 316 
4 9 20 35 53 79 106 139 181 218 262 316 
4 11 21 35 56 81 110 140 175 223 270 313 
4 11 21 35 56 81 110 140 175 223 270 313 
4 10 20 37 57 78 105 143 184 216 258 318 
4 10 20 37 57 78 105 143 184 216 258 318 
4 10 21 36 55 80 110 141 176 217 269 322 
4 10 21 36 55 80 110 141 176 217 269 322 
4 10 20 36 56 77 106 147 184 212 258 324 
4 10 20 36 56 77 106 147 184 212 258 324 
4 10 20 36 56 77 106 147 184 212 258 324 
4 10 20 36 56 77 106 147 184 212 258 324 
4 10 21 36 55 80 110 141 176 217 269 322 
4 10 20 37 57 78 105 143 184 216 258 318 
4 10 20 37 57 78 105 143 184 216 258 318 
4 10 21 36 55 80 110 141 176 217 269 322 
4 11 21 35 56 81 110 140 175 223 270 313 
4 11 21 35 56 81 110 140 175 223 270 313 
