4 9 17 29 45 64 86 112 141 173 209 249 
4 9 17 29 45 64 86 112 141 173 209 249 
4 9 17 29 45 64 86 112 141 173 209 249 
4 9 17 29 45 64 86 112 141 173 209 249 
4 9 17 29 45 64 86 112 141 173 209 249 
4 9 17 29 45 64 86 112 141 173 209 249 
4 9 17 29 45 64 86 112 141 173 209 249 
4 9 17 29 45 64 86 112 141 173 209 249 
4 9 17 29 45 64 86 112 141 173 209 249 
4 9 17 29 45 64 86 112 141 173 209 249 
4 9 17 29 45 64 86 112 141 173 209 249 
4 9 17 29 45 64 86 112 141 173 209 249 
4 9 17 29 45 64 86 112 141 173 209 249 
4 9 17 29 45 64 86 112 141 173 209 249 
4 9 17 29 45 64 86 112 141 173 209 249 
4 9 17 29 45 64 86 112 141 173 209 249 
4 9 17 29 45 64 86 112 141 173 209 249 
4 9 17 29 45 64 86 112 141 173 209 249 
4 9 17 29 45 64 86 112 141 173 209 249 
4 9 17 29 45 64 86 112 141 173 209 249 
4 9 17 29 45 64 86 112 141 173 209 249 
4 9 17 29 45 64 86 112 141 173 209 249 
4 9 17 29 45 64 86 112 141 173 209 249 
4 9 17 29 45 64 86 112 141 173 209 249 
4 9 17 29 45 64 86 112 141 173 209 249 
4 9 17 29 45 64 86 112 141 173 209 249 
4 9 17 29 45 64 86 112 141 173 209 249 
4 9 17 29 45 64 86 112 141 173 209 249 
4 9 17 29 45 64 86 112 141 173 209 249 
4 9 17 29 45 64 86 112 141 173 209 249 
4 9 17 29 45 64 86 112 141 173 209 249 
4 9 17 29 45 64 86 112 141 173 209 249 
4 9 17 29 45 64 86 112 141 173 209 249 
4 9 17 29 45 64 86 112 141 173 209 249 
4 9 17 29 45 64 86 112 141 173 209 249 
4 9 17 29 45 64 86 112 141 173 209 249 
4 9 17 29 45 64 86 112 141 173 209 249 
4 9 17 29 45 64 86 112 141 173 209 249 
4 9 17 29 45 64 86 112 141 173 209 249 
4 9 17 29 45 64 86 112 141 173 209 249 
4 9 17 29 45 64 86 112 141 173 209 249 
4 9 17 29 45 64 86 112 141 173 209 249 
4 9 17 29 45 64 86 112 141 173 209 249 
4 9 17 29 45 64 86 112 141 173 209 249 
4 9 17 29 45 64 86 112 141 173 209 249 
4 9 17 29 45 64 86 112 141 173 209 249 
4 9 17 29 45 64 86 112 141 173 209 249 
4 9 17 29 45 64 86 112 141 173 209 249 
4 9 17 29 45 64 86 112 141 173 209 249 
4 9 17 29 45 64 86 112 141 173 209 249 
4 9 17 29 45 64 86 112 141 173 209 249 
4 9 17 29 45 64 86 112 141 173 209 249 
4 9 17 29 45 64 86 112 141 173 209 249 
4 9 17 29 45 64 86 112 141 173 209 249 
4 9 17 29 45 64 86 112 141 173 209 249 
4 9 17 29 45 64 86 112 141 173 209 249 
4 9 17 29 45 64 86 112 141 173 209 249 
4 9 17 29 45 64 86 112 141 173 209 249 
4 9 17 29 45 64 86 112 141 173 209 249 
4 9 17 29 45 64 86 112 141 173 209 249 
4 9 17 29 45 64 86 112 141 173 209 249 
4 9 17 29 45 64 86 112 141 173 209 249 
4 9 17 29 45 64 86 112 141 173 209 249 
4 9 17 29 45 64 86 112 141 173 209 249 
4 9 17 29 45 64 86 112 141 173 209 249 
4 9 17 29 45 64 86 112 141 173 209 249 
4 9 17 29 45 64 86 112 141 173 209 249 
4 9 17 29 45 64 86 112 141 173 209 249 
4 9 17 29 45 64 86 112 141 173 209 249 
4 9 17 29 45 64 86 112 141 173 209 249 
4 9 17 29 45 64 86 112 141 173 209 249 
4 9 17 29 45 64 86 112 141 173 209 249 
4 9 17 29 45 64 86 112 141 173 209 249 
4 9 17 29 45 64 86 112 141 173 209 249 
4 9 17 29 45 64 86 112 141 173 209 249 
4 9 17 29 45 64 86 112 141 173 209 249 
4 9 17 29 45 64 86 112 141 173 209 249 
4 9 17 29 45 64 86 112 141 173 209 249 
4 9 17 29 45 64 86 112 141 173 209 249 
4 9 17 29 45 64 86 112 141 173 209 249 
4 9 17 29 45 64 86 112 141 173 209 249 
4 9 17 29 45 64 86 112 141 173 209 249 
4 9 17 29 45 64 86 112 141 173 209 249 
4 9 17 29 45 64 86 112 141 173 209 249 
4 9 17 29 45 64 86 112 141 173 209 249 
4 9 17 29 45 64 86 112 141 173 209 249 
4 9 17 29 45 64 86 112 141 173 209 249 
4 9 17 29 45 64 86 112 141 173 209 249 
4 9 17 29 45 64 86 112 141 173 209 249 
4 9 17 29 45 64 86 112 141 173 209 249 
4 9 17 29 45 64 86 112 141 173 209 249 
4 9 17 29 45 64 86 112 141 173 209 249 
4 9 17 29 45 64 86 112 141 173 209 249 
4 9 17 29 45 64 86 112 141 173 209 249 
4 9 17 29 45 64 86 112 141 173 209 249 
4 9 17 29 45 64 86 112 141 173 209 249 
