4 10 19 33 53 74 96 127 166 201 236 283 
4 10 19 33 53 74 96 127 166 201 236 283 
4 10 19 33 53 74 96 127 166 201 236 283 
4 10 19 33 53 74 96 127 166 201 236 283 
4 10 19 32 52 74 99 126 162 203 240 282 
4 10 19 32 52 74 99 126 162 203 240 282 
4 10 20 33 51 74 99 128 161 199 243 288 
4 10 20 33 51 74 99 128 161 199 243 288 
4 10 20 33 51 74 99 128 161 199 243 288 
4 10 20 33 51 74 99 128 161 199 243 288 
4 10 19 32 52 74 99 126 162 203 240 282 
4 10 19 32 52 74 99 126 162 203 240 282 
4 10 19 33 53 74 96 127 166 201 236 283 
4 10 19 33 53 74 96 127 166 201 236 283 
4 10 19 33 53 74 96 127 166 201 236 283 
4 10 19 33 53 74 96 127 166 201 236 283 
4 10 19 32 52 74 99 126 162 203 240 282 
4 10 19 32 52 74 99 126 162 203 240 282 
4 10 20 33 51 74 99 128 161 199 243 288 
4 10 20 33 51 74 99 128 161 199 243 288 
4 10 20 33 51 74 99 128 161 199 243 288 
4 10 20 33 51 74 99 128 161 199 243 288 
4 10 19 32 52 74 99 126 162 203 240 282 
4 10 19 32 52 74 99 126 162 203 240 282 
