4 9 17 30 49 71 92 114 143 183 229 271 
4 9 17 30 49 71 92 114 143 183 229 271 
4 10 20 32 46 64 90 124 156 184 214 256 
4 10 20 32 46 64 90 124 156 184 214 256 
4 9 17 30 49 71 92 114 143 183 229 271 
4 9 17 30 49 71 92 114 143 183 229 271 
4 10 20 32 46 64 90 124 156 184 214 256 
4 10 20 32 46 64 90 124 156 184 214 256 
4 9 17 30 49 71 92 114 143 183 229 271 
4 9 17 30 49 71 92 114 143 183 229 271 
4 9 17 30 49 71 92 114 143 183 229 271 
4 9 17 30 49 71 92 114 143 183 229 271 
4 9 17 30 49 71 92 114 143 183 229 271 
4 9 17 30 49 71 92 114 143 183 229 271 
4 9 17 30 49 71 92 114 143 183 229 271 
4 9 17 30 49 71 92 114 143 183 229 271 
4 10 20 32 46 64 90 124 156 184 214 256 
4 10 20 32 46 64 90 124 156 184 214 256 
4 9 17 30 49 71 92 114 143 183 229 271 
4 9 17 30 49 71 92 114 143 183 229 271 
4 10 20 32 46 64 90 124 156 184 214 256 
4 10 20 32 46 64 90 124 156 184 214 256 
4 9 17 30 49 71 92 114 143 183 229 271 
4 9 17 30 49 71 92 114 143 183 229 271 
4 10 20 32 46 64 90 124 156 184 214 256 
4 10 20 32 46 64 90 124 156 184 214 256 
4 9 17 30 49 71 92 114 143 183 229 271 
4 9 17 30 49 71 92 114 143 183 229 271 
4 9 17 30 49 71 92 114 143 183 229 271 
4 9 17 30 49 71 92 114 143 183 229 271 
4 9 17 30 49 71 92 114 143 183 229 271 
4 9 17 30 49 71 92 114 143 183 229 271 
4 9 17 30 49 71 92 114 143 183 229 271 
4 9 17 30 49 71 92 114 143 183 229 271 
4 10 20 32 46 64 90 124 156 184 214 256 
4 10 20 32 46 64 90 124 156 184 214 256 
4 9 17 30 49 71 92 114 143 183 229 271 
4 9 17 30 49 71 92 114 143 183 229 271 
4 10 20 32 46 64 90 124 156 184 214 256 
4 10 20 32 46 64 90 124 156 184 214 256 
4 9 17 30 49 71 92 114 143 183 229 271 
4 9 17 30 49 71 92 114 143 183 229 271 
4 10 20 32 46 64 90 124 156 184 214 256 
4 10 20 32 46 64 90 124 156 184 214 256 
4 9 17 30 49 71 92 114 143 183 229 271 
4 9 17 30 49 71 92 114 143 183 229 271 
4 9 17 30 49 71 92 114 143 183 229 271 
4 9 17 30 49 71 92 114 143 183 229 271 
4 9 17 30 49 71 92 114 143 183 229 271 
4 9 17 30 49 71 92 114 143 183 229 271 
4 9 17 30 49 71 92 114 143 183 229 271 
4 9 17 30 49 71 92 114 143 183 229 271 
4 10 20 32 46 64 90 124 156 184 214 256 
4 10 20 32 46 64 90 124 156 184 214 256 
