4 10 20 34 54 78 104 134 168 210 256 302 
4 10 20 34 54 78 104 134 168 210 256 302 
4 10 20 34 54 78 104 134 168 210 256 302 
4 10 20 34 54 78 104 134 168 210 256 302 
4 10 20 34 52 74 102 136 172 210 252 300 
4 10 20 34 52 74 102 136 172 210 252 300 
4 10 20 34 54 78 104 134 168 210 256 302 
4 10 20 34 54 78 104 134 168 210 256 302 
4 10 20 34 54 78 104 134 168 210 256 302 
4 10 20 34 54 78 104 134 168 210 256 302 
4 10 20 34 52 74 102 136 172 210 252 300 
4 10 20 34 52 74 102 136 172 210 252 300 
4 10 20 34 54 78 104 134 168 210 256 302 
4 10 20 34 54 78 104 134 168 210 256 302 
4 10 20 34 54 78 104 134 168 210 256 302 
4 10 20 34 54 78 104 134 168 210 256 302 
4 10 20 34 52 74 102 136 172 210 252 300 
4 10 20 34 52 74 102 136 172 210 252 300 
4 10 20 34 52 74 102 136 172 210 252 300 
4 10 20 34 52 74 102 136 172 210 252 300 
4 10 20 34 52 74 102 136 172 210 252 300 
4 10 20 34 52 74 102 136 172 210 252 300 
4 10 20 34 52 74 102 136 172 210 252 300 
4 10 20 34 52 74 102 136 172 210 252 300 
