4 9 17 28 42 60 81 105 132 162 196 233 
4 9 17 28 42 60 81 105 132 162 196 233 
4 9 17 28 42 60 81 105 132 162 196 233 
4 9 17 28 42 60 81 105 132 162 196 233 
4 9 17 28 42 60 81 105 132 162 196 233 
4 9 17 28 42 60 81 105 132 162 196 233 
4 9 17 28 42 60 81 105 132 162 196 233 
4 9 17 28 42 60 81 105 132 162 196 233 
4 9 17 28 42 60 81 105 132 162 196 233 
4 9 17 28 42 60 81 105 132 162 196 233 
4 9 17 28 42 60 81 105 132 162 196 233 
4 9 17 28 42 60 81 105 132 162 196 233 
4 9 17 28 42 60 81 105 132 162 196 233 
4 9 17 28 42 60 81 105 132 162 196 233 
4 9 17 28 42 60 81 105 132 162 196 233 
4 9 17 28 42 60 81 105 132 162 196 233 
4 9 17 28 42 60 81 105 132 162 196 233 
4 9 17 28 42 60 81 105 132 162 196 233 
4 9 17 28 42 60 81 105 132 162 196 233 
4 9 17 28 42 60 81 105 132 162 196 233 
4 9 17 28 42 60 81 105 132 162 196 233 
4 9 17 28 42 60 81 105 132 162 196 233 
4 9 17 28 42 60 81 105 132 162 196 233 
4 9 17 28 42 60 81 105 132 162 196 233 
