4 9 17 29 46 69 98 131 162 187 211 246 
4 9 17 29 46 69 98 131 162 187 211 246 
4 9 17 29 46 69 98 131 162 187 211 246 
4 9 17 29 46 69 98 131 162 187 211 246 
4 9 17 29 46 69 98 131 162 187 211 246 
4 9 17 29 46 69 98 131 162 187 211 246 
4 10 21 35 49 66 89 117 150 190 237 283 
4 10 21 35 49 66 89 117 150 190 237 283 
4 9 17 29 46 69 98 131 162 187 211 246 
4 9 17 29 46 69 98 131 162 187 211 246 
4 9 17 29 46 69 98 131 162 187 211 246 
4 9 17 29 46 69 98 131 162 187 211 246 
4 9 17 29 46 69 98 131 162 187 211 246 
4 9 17 29 46 69 98 131 162 187 211 246 
4 10 21 35 49 66 89 117 150 190 237 283 
4 10 21 35 49 66 89 117 150 190 237 283 
4 10 21 35 49 66 89 117 150 190 237 283 
4 10 21 35 49 66 89 117 150 190 237 283 
4 9 17 29 46 69 98 131 162 187 211 246 
4 9 17 29 46 69 98 131 162 187 211 246 
4 9 17 29 46 69 98 131 162 187 211 246 
4 9 17 29 46 69 98 131 162 187 211 246 
4 10 21 35 49 66 89 117 150 190 237 283 
4 9 17 29 46 69 98 131 162 187 211 246 
4 9 17 29 46 69 98 131 162 187 211 246 
4 9 17 29 46 69 98 131 162 187 211 246 
4 9 17 29 46 69 98 131 162 187 211 246 
4 10 21 35 49 66 89 117 150 190 237 283 
4 9 17 29 46 69 98 131 162 187 211 246 
4 9 17 29 46 69 98 131 162 187 211 246 
4 9 17 29 46 69 98 131 162 187 211 246 
4 9 17 29 46 69 98 131 162 187 211 246 
4 10 21 35 49 66 89 117 150 190 237 283 
4 10 21 35 49 66 89 117 150 190 237 283 
4 10 21 35 49 66 89 117 150 190 237 283 
4 10 21 35 49 66 89 117 150 190 237 283 
