4 10 20 35 54 78 104 134 171 210 255 303 
4 10 20 35 54 78 104 134 171 210 255 303 
4 10 20 35 54 78 104 134 171 210 255 303 
4 10 20 35 54 78 104 134 171 210 255 303 
4 10 21 36 53 74 104 138 174 212 255 302 
4 10 21 36 53 74 104 138 174 212 255 302 
4 10 20 35 54 78 104 134 171 210 255 303 
4 10 20 35 54 78 104 134 171 210 255 303 
4 10 20 35 54 78 104 134 171 210 255 303 
4 10 20 35 54 78 104 134 171 210 255 303 
4 10 21 36 53 74 104 138 174 212 255 302 
4 10 21 36 53 74 104 138 174 212 255 302 
4 10 20 35 54 78 104 134 171 210 255 303 
4 10 20 35 54 78 104 134 171 210 255 303 
4 10 20 35 54 78 104 134 171 210 255 303 
4 10 20 35 54 78 104 134 171 210 255 303 
4 10 21 36 53 74 104 138 174 212 255 302 
4 10 21 36 53 74 104 138 174 212 255 302 
4 10 21 36 53 74 104 138 174 212 255 302 
4 10 21 36 53 74 104 138 174 212 255 302 
4 10 20 35 54 78 104 134 171 210 255 303 
4 10 20 35 54 78 104 134 171 210 255 303 
4 10 20 35 54 78 104 134 171 210 255 303 
4 10 20 35 54 78 104 134 171 210 255 303 
4 10 21 36 53 74 104 138 174 212 255 302 
4 10 21 36 53 74 104 138 174 212 255 302 
4 10 20 35 54 78 104 134 171 210 255 303 
4 10 20 35 54 78 104 134 171 210 255 303 
4 10 20 35 54 78 104 134 171 210 255 303 
4 10 20 35 54 78 104 134 171 210 255 303 
4 10 21 36 53 74 104 138 174 212 255 302 
4 10 21 36 53 74 104 138 174 212 255 302 
4 10 20 35 54 78 104 134 171 210 255 303 
4 10 20 35 54 78 104 134 171 210 255 303 
4 10 20 35 54 78 104 134 171 210 255 303 
4 10 20 35 54 78 104 134 171 210 255 303 
