4 10 17 30 46 67 91 123 153 190 226 274 
4 10 17 30 46 67 91 123 153 190 226 274 
4 10 16 26 46 66 94 114 158 194 222 262 
4 9 18 30 46 63 94 125 152 183 232 277 
4 9 18 30 46 63 94 125 152 183 232 277 
4 10 16 26 46 66 94 114 158 194 222 262 
4 9 18 30 39 67 98 121 147 189 234 279 
4 9 18 30 39 67 98 121 147 189 234 279 
4 10 16 26 46 66 94 114 158 194 222 262 
4 9 18 30 46 63 94 125 152 183 232 277 
4 9 18 30 46 63 94 125 152 183 232 277 
4 10 17 30 46 67 91 123 153 190 226 274 
4 10 17 30 46 67 91 123 153 190 226 274 
4 10 17 30 46 67 91 123 153 190 226 274 
4 10 17 30 46 67 91 123 153 190 226 274 
4 9 18 30 46 63 94 125 152 183 232 277 
4 9 18 30 46 63 94 125 152 183 232 277 
4 10 16 26 46 66 94 114 158 194 222 262 
4 9 18 30 39 67 98 121 147 189 234 279 
4 9 18 30 39 67 98 121 147 189 234 279 
4 10 16 26 46 66 94 114 158 194 222 262 
4 9 18 30 46 63 94 125 152 183 232 277 
4 9 18 30 46 63 94 125 152 183 232 277 
4 10 17 30 46 67 91 123 153 190 226 274 
4 10 17 30 46 67 91 123 153 190 226 274 
4 10 16 26 46 66 94 114 158 194 222 262 
4 9 18 30 46 63 94 125 152 183 232 277 
4 9 18 30 46 63 94 125 152 183 232 277 
4 10 17 30 46 67 91 123 153 190 226 274 
4 10 17 30 46 67 91 123 153 190 226 274 
4 10 17 30 46 67 91 123 153 190 226 274 
4 10 17 30 46 67 91 123 153 190 226 274 
4 9 18 30 46 63 94 125 152 183 232 277 
4 9 18 30 46 63 94 125 152 183 232 277 
