4 11 22 36 57 90 127 157 194 244 299 353 
4 11 22 36 57 90 127 157 194 244 299 353 
4 12 23 38 59 87 122 158 198 243 292 352 
4 12 23 38 62 91 116 155 203 244 291 344 
4 12 23 38 62 91 116 155 203 244 291 344 
4 12 23 38 59 87 122 158 198 243 292 352 
4 12 21 36 63 88 121 153 192 249 299 354 
4 12 21 36 63 88 121 153 192 249 299 354 
4 12 21 40 63 83 124 155 197 244 289 352 
4 12 21 40 63 83 124 155 197 244 289 352 
4 11 23 38 61 93 121 153 198 246 296 350 
4 11 23 38 61 93 121 153 198 246 296 350 
4 12 23 38 62 91 116 155 203 244 291 344 
4 12 23 38 62 91 116 155 203 244 291 344 
4 12 23 38 62 91 116 155 203 244 291 344 
4 12 23 38 62 91 116 155 203 244 291 344 
4 11 23 38 61 93 121 153 198 246 296 350 
4 11 23 38 61 93 121 153 198 246 296 350 
4 12 21 40 63 83 124 155 197 244 289 352 
4 12 21 40 63 83 124 155 197 244 289 352 
4 12 21 36 63 88 121 153 192 249 299 354 
4 12 21 36 63 88 121 153 192 249 299 354 
4 12 23 38 62 91 116 155 203 244 291 344 
4 12 23 38 59 87 122 158 198 243 292 352 
4 12 23 38 59 87 122 158 198 243 292 352 
4 12 23 38 62 91 116 155 203 244 291 344 
4 11 22 36 57 90 127 157 194 244 299 353 
4 11 22 36 57 90 127 157 194 244 299 353 
4 12 21 36 63 88 121 153 192 249 299 354 
4 12 21 36 63 88 121 153 192 249 299 354 
4 12 23 38 59 87 122 158 198 243 292 352 
4 12 23 38 59 87 122 158 198 243 292 352 
4 11 23 38 61 93 121 153 198 246 296 350 
4 11 23 38 61 93 121 153 198 246 296 350 
4 11 22 36 57 90 127 157 194 244 299 353 
4 11 22 36 57 90 127 157 194 244 299 353 
4 11 23 38 57 88 126 158 191 236 299 363 
4 11 23 38 57 88 126 158 191 236 299 363 
4 11 23 38 57 88 126 158 191 236 299 363 
4 11 23 38 57 88 126 158 191 236 299 363 
4 11 22 36 57 90 127 157 194 244 299 353 
4 11 22 36 57 90 127 157 194 244 299 353 
4 11 23 38 61 93 121 153 198 246 296 350 
4 11 23 38 61 93 121 153 198 246 296 350 
4 12 23 38 59 87 122 158 198 243 292 352 
4 12 23 38 59 87 122 158 198 243 292 352 
4 12 21 36 63 88 121 153 192 249 299 354 
4 12 21 36 63 88 121 153 192 249 299 354 
4 11 22 36 57 90 127 157 194 244 299 353 
4 11 22 36 57 90 127 157 194 244 299 353 
4 12 23 38 62 91 116 155 203 244 291 344 
4 12 23 38 59 87 122 158 198 243 292 352 
4 12 23 38 59 87 122 158 198 243 292 352 
4 12 23 38 62 91 116 155 203 244 291 344 
4 12 21 36 63 88 121 153 192 249 299 354 
4 12 21 36 63 88 121 153 192 249 299 354 
4 12 21 40 63 83 124 155 197 244 289 352 
4 12 21 40 63 83 124 155 197 244 289 352 
4 11 23 38 61 93 121 153 198 246 296 350 
4 11 23 38 61 93 121 153 198 246 296 350 
4 12 23 38 62 91 116 155 203 244 291 344 
4 12 23 38 62 91 116 155 203 244 291 344 
4 12 23 38 62 91 116 155 203 244 291 344 
4 12 23 38 62 91 116 155 203 244 291 344 
4 11 23 38 61 93 121 153 198 246 296 350 
4 11 23 38 61 93 121 153 198 246 296 350 
4 12 21 40 63 83 124 155 197 244 289 352 
4 12 21 40 63 83 124 155 197 244 289 352 
4 12 21 36 63 88 121 153 192 249 299 354 
4 12 21 36 63 88 121 153 192 249 299 354 
4 12 23 38 59 87 122 158 198 243 292 352 
4 12 23 38 62 91 116 155 203 244 291 344 
4 12 23 38 62 91 116 155 203 244 291 344 
4 12 23 38 59 87 122 158 198 243 292 352 
4 11 22 36 57 90 127 157 194 244 299 353 
4 11 22 36 57 90 127 157 194 244 299 353 
4 12 21 36 63 88 121 153 192 249 299 354 
4 12 21 36 63 88 121 153 192 249 299 354 
4 12 23 38 59 87 122 158 198 243 292 352 
4 12 23 38 59 87 122 158 198 243 292 352 
4 11 23 38 61 93 121 153 198 246 296 350 
4 11 23 38 61 93 121 153 198 246 296 350 
4 11 22 36 57 90 127 157 194 244 299 353 
4 11 22 36 57 90 127 157 194 244 299 353 
4 11 23 38 57 88 126 158 191 236 299 363 
4 11 23 38 57 88 126 158 191 236 299 363 
4 11 23 38 57 88 126 158 191 236 299 363 
4 11 23 38 57 88 126 158 191 236 299 363 
4 11 22 36 57 90 127 157 194 244 299 353 
4 11 22 36 57 90 127 157 194 244 299 353 
4 11 23 38 61 93 121 153 198 246 296 350 
4 11 23 38 61 93 121 153 198 246 296 350 
4 12 23 38 59 87 122 158 198 243 292 352 
4 12 23 38 59 87 122 158 198 243 292 352 
4 12 21 36 63 88 121 153 192 249 299 354 
4 12 21 36 63 88 121 153 192 249 299 354 
