4 12 24 42 67 95 133 177 219 277 338 397 
4 12 24 42 67 95 133 177 219 277 338 397 
4 12 24 42 67 95 133 177 219 277 338 397 
4 12 24 42 67 95 133 177 219 277 338 397 
4 12 25 42 69 100 129 176 229 277 338 404 
4 12 25 42 69 100 129 176 229 277 338 404 
4 12 26 44 64 98 144 172 222 272 340 438 
4 12 26 44 64 98 144 172 222 272 340 438 
4 12 25 42 69 100 129 176 229 277 338 404 
4 12 25 42 69 100 129 176 229 277 338 404 
4 12 25 42 69 100 129 176 229 277 338 404 
4 12 25 42 69 100 129 176 229 277 338 404 
4 12 25 42 69 100 129 176 229 277 338 404 
4 12 25 42 69 100 129 176 229 277 338 404 
4 12 24 42 67 95 133 177 219 277 338 397 
4 12 24 42 67 95 133 177 219 277 338 397 
4 12 24 42 67 95 133 177 219 277 338 397 
4 12 24 42 67 95 133 177 219 277 338 397 
4 12 25 42 69 100 129 176 229 277 338 404 
4 12 25 42 69 100 129 176 229 277 338 404 
4 12 26 44 64 98 144 172 222 272 340 438 
4 12 25 42 69 100 129 176 229 277 338 404 
4 12 25 42 69 100 129 176 229 277 338 404 
4 12 24 42 67 95 133 177 219 277 338 397 
4 12 24 42 67 95 133 177 219 277 338 397 
4 12 24 42 67 95 133 177 219 277 338 397 
4 12 24 42 67 95 133 177 219 277 338 397 
4 12 25 42 69 100 129 176 229 277 338 404 
4 12 25 42 69 100 129 176 229 277 338 404 
4 12 25 42 69 100 129 176 229 277 338 404 
4 12 25 42 69 100 129 176 229 277 338 404 
4 12 25 42 69 100 129 176 229 277 338 404 
4 12 25 42 69 100 129 176 229 277 338 404 
4 12 26 44 64 98 144 172 222 272 340 438 
4 12 26 44 64 98 144 172 222 272 340 438 
4 12 25 42 69 100 129 176 229 277 338 404 
4 12 25 42 69 100 129 176 229 277 338 404 
4 12 24 42 67 95 133 177 219 277 338 397 
4 12 24 42 67 95 133 177 219 277 338 397 
4 12 24 42 67 95 133 177 219 277 338 397 
4 12 24 42 67 95 133 177 219 277 338 397 
4 12 25 42 69 100 129 176 229 277 338 404 
4 12 25 42 69 100 129 176 229 277 338 404 
4 12 26 44 64 98 144 172 222 272 340 438 
4 12 25 42 69 100 129 176 229 277 338 404 
4 12 25 42 69 100 129 176 229 277 338 404 
