4 9 18 32 49 69 93 121 153 189 228 270 
4 9 18 32 49 69 93 121 153 189 228 270 
4 9 18 32 49 69 93 121 153 189 228 270 
4 9 18 32 49 69 93 121 153 189 228 270 
4 9 18 32 49 69 93 121 153 189 228 270 
4 9 18 32 49 69 93 121 153 189 228 270 
4 9 18 32 49 69 93 121 153 189 228 270 
4 9 18 32 49 69 93 121 153 189 228 270 
4 9 18 32 49 69 93 121 153 189 228 270 
4 9 18 32 49 69 93 121 153 189 228 270 
4 9 18 32 49 69 93 121 153 189 228 270 
4 9 18 32 49 69 93 121 153 189 228 270 
4 9 18 32 49 69 93 121 153 189 228 270 
4 9 18 32 49 69 93 121 153 189 228 270 
4 9 18 32 49 69 93 121 153 189 228 270 
4 9 18 32 49 69 93 121 153 189 228 270 
4 9 18 32 49 69 93 121 153 189 228 270 
4 9 18 32 49 69 93 121 153 189 228 270 
4 9 18 32 49 69 93 121 153 189 228 270 
4 9 18 32 49 69 93 121 153 189 228 270 
4 9 18 32 49 69 93 121 153 189 228 270 
4 9 18 32 49 69 93 121 153 189 228 270 
4 9 18 32 49 69 93 121 153 189 228 270 
4 9 18 32 49 69 93 121 153 189 228 270 
4 9 18 32 49 69 93 121 153 189 228 270 
4 9 18 32 49 69 93 121 153 189 228 270 
4 9 18 32 49 69 93 121 153 189 228 270 
4 9 18 32 49 69 93 121 153 189 228 270 
4 9 18 32 49 69 93 121 153 189 228 270 
4 9 18 32 49 69 93 121 153 189 228 270 
4 9 18 32 49 69 93 121 153 189 228 270 
4 9 18 32 49 69 93 121 153 189 228 270 
