4 11 20 39 66 92 124 163 215 257 304 373 
4 11 20 39 66 92 124 163 215 257 304 373 
4 12 19 35 64 96 123 155 207 272 311 367 
4 12 23 39 62 93 127 165 210 260 318 370 
4 12 23 39 62 93 127 165 210 260 318 370 
4 12 23 39 62 93 127 165 210 260 318 370 
4 12 23 39 62 93 127 165 210 260 318 370 
4 12 19 35 64 96 123 155 207 272 311 367 
4 11 20 39 66 92 124 163 215 257 304 373 
4 11 20 39 66 92 124 163 215 257 304 373 
4 10 22 36 64 98 124 158 213 260 306 368 
4 12 26 40 60 94 136 168 200 259 332 379 
4 12 22 40 62 92 138 160 196 262 332 386 
4 12 26 40 60 94 136 168 200 259 332 379 
4 12 24 42 64 90 131 168 206 259 313 383 
4 12 24 38 66 100 118 162 220 262 300 376 
4 12 24 42 64 90 131 168 206 259 313 383 
4 10 22 36 64 98 124 158 213 260 306 368 
4 11 20 39 66 92 124 163 215 257 304 373 
4 11 20 39 66 92 124 163 215 257 304 373 
4 12 19 35 64 96 123 155 207 272 311 367 
4 12 23 39 62 93 127 165 210 260 318 370 
4 12 23 39 62 93 127 165 210 260 318 370 
4 12 23 39 62 93 127 165 210 260 318 370 
4 12 23 39 62 93 127 165 210 260 318 370 
4 12 19 35 64 96 123 155 207 272 311 367 
4 11 20 39 66 92 124 163 215 257 304 373 
4 11 20 39 66 92 124 163 215 257 304 373 
4 10 22 36 64 98 124 158 213 260 306 368 
4 12 24 38 66 100 118 162 220 262 300 376 
4 12 24 42 64 90 131 168 206 259 313 383 
4 12 26 40 60 94 136 168 200 259 332 379 
4 12 22 40 62 92 138 160 196 262 332 386 
4 12 26 40 60 94 136 168 200 259 332 379 
4 12 24 42 64 90 131 168 206 259 313 383 
4 10 22 36 64 98 124 158 213 260 306 368 
