4 12 20 37 64 87 114 154 198 241 289 342 
4 12 20 37 64 87 114 154 198 241 289 342 
4 12 20 37 64 87 114 154 198 241 289 342 
4 12 20 37 64 87 114 154 198 241 289 342 
4 12 22 38 60 88 115 155 204 242 286 347 
4 12 22 38 60 88 115 155 204 242 286 347 
4 12 22 38 60 88 115 155 204 242 286 347 
4 12 22 38 60 88 115 155 204 242 286 347 
4 11 24 39 60 92 122 148 195 250 293 342 
4 11 24 39 60 92 122 148 195 250 293 342 
4 11 24 39 54 86 126 156 195 242 289 342 
4 11 24 39 54 86 126 156 195 242 289 342 
4 11 24 39 54 86 126 156 195 242 289 342 
4 11 24 39 54 86 126 156 195 242 289 342 
4 11 24 39 60 92 122 148 195 250 293 342 
4 11 24 39 60 92 122 148 195 250 293 342 
4 12 22 38 60 88 115 155 204 242 286 347 
4 12 22 38 60 88 115 155 204 242 286 347 
4 12 22 38 60 88 115 155 204 242 286 347 
4 12 22 38 60 88 115 155 204 242 286 347 
4 12 20 37 64 87 114 154 198 241 289 342 
4 12 20 37 64 87 114 154 198 241 289 342 
4 12 20 37 64 87 114 154 198 241 289 342 
4 12 20 37 64 87 114 154 198 241 289 342 
4 12 20 37 64 87 114 154 198 241 289 342 
4 12 20 37 64 87 114 154 198 241 289 342 
4 12 20 37 64 87 114 154 198 241 289 342 
4 12 20 37 64 87 114 154 198 241 289 342 
4 12 22 38 60 88 115 155 204 242 286 347 
4 12 22 38 60 88 115 155 204 242 286 347 
4 12 22 38 60 88 115 155 204 242 286 347 
4 12 22 38 60 88 115 155 204 242 286 347 
4 11 24 39 60 92 122 148 195 250 293 342 
4 11 24 39 60 92 122 148 195 250 293 342 
4 11 24 39 54 86 126 156 195 242 289 342 
4 11 24 39 54 86 126 156 195 242 289 342 
4 11 24 39 54 86 126 156 195 242 289 342 
4 11 24 39 54 86 126 156 195 242 289 342 
4 11 24 39 60 92 122 148 195 250 293 342 
4 11 24 39 60 92 122 148 195 250 293 342 
4 12 22 38 60 88 115 155 204 242 286 347 
4 12 22 38 60 88 115 155 204 242 286 347 
4 12 22 38 60 88 115 155 204 242 286 347 
4 12 22 38 60 88 115 155 204 242 286 347 
4 12 20 37 64 87 114 154 198 241 289 342 
4 12 20 37 64 87 114 154 198 241 289 342 
4 12 20 37 64 87 114 154 198 241 289 342 
4 12 20 37 64 87 114 154 198 241 289 342 
