4 9 18 33 53 77 102 128 163 206 248 292 
4 9 18 33 53 77 102 128 163 206 248 292 
4 9 18 33 53 77 102 128 163 206 248 292 
4 9 18 33 53 77 102 128 163 206 248 292 
4 10 21 34 48 72 104 134 167 206 246 290 
4 10 21 36 54 72 96 130 167 208 254 300 
4 9 18 33 52 75 104 136 167 199 239 289 
4 9 18 33 52 75 104 136 167 199 239 289 
4 9 18 33 52 75 104 136 167 199 239 289 
4 9 18 33 52 75 104 136 167 199 239 289 
4 10 21 36 54 72 96 130 167 208 254 300 
4 10 21 34 48 72 104 134 167 206 246 290 
4 9 18 33 53 77 102 128 163 206 248 292 
4 9 18 33 53 77 102 128 163 206 248 292 
4 9 18 33 53 77 102 128 163 206 248 292 
4 9 18 33 53 77 102 128 163 206 248 292 
4 10 21 34 48 72 104 134 167 206 246 290 
4 10 21 36 54 72 96 130 167 208 254 300 
4 9 18 33 52 75 104 136 167 199 239 289 
4 9 18 33 52 75 104 136 167 199 239 289 
4 9 18 33 52 75 104 136 167 199 239 289 
4 9 18 33 52 75 104 136 167 199 239 289 
4 10 21 36 54 72 96 130 167 208 254 300 
4 10 21 34 48 72 104 134 167 206 246 290 
