4 10 20 34 53 77 106 138 170 206 251 305 
4 10 20 34 53 77 106 138 170 206 251 305 
4 10 21 37 55 75 101 136 175 211 250 300 
4 10 21 37 55 75 101 136 175 211 250 300 
4 12 21 32 51 80 110 132 164 212 263 304 
4 12 21 32 51 80 110 132 164 212 263 304 
4 10 20 34 53 77 106 138 170 206 251 305 
4 10 20 34 53 77 106 138 170 206 251 305 
4 10 20 34 53 77 106 138 170 206 251 305 
4 10 20 34 53 77 106 138 170 206 251 305 
4 10 21 37 55 75 101 136 175 211 250 300 
4 10 21 37 55 75 101 136 175 211 250 300 
4 10 21 37 55 75 101 136 175 211 250 300 
4 10 21 37 55 75 101 136 175 211 250 300 
4 10 21 37 55 75 101 136 175 211 250 300 
4 10 21 37 55 75 101 136 175 211 250 300 
4 10 21 37 55 75 101 136 175 211 250 300 
4 10 21 37 55 75 101 136 175 211 250 300 
4 10 20 34 53 77 106 138 170 206 251 305 
4 10 20 34 53 77 106 138 170 206 251 305 
4 10 20 34 53 77 106 138 170 206 251 305 
4 10 20 34 53 77 106 138 170 206 251 305 
4 12 21 32 51 80 110 132 164 212 263 304 
4 12 21 32 51 80 110 132 164 212 263 304 
4 10 21 37 55 75 101 136 175 211 250 300 
4 10 21 37 55 75 101 136 175 211 250 300 
4 10 20 34 53 77 106 138 170 206 251 305 
4 10 20 34 53 77 106 138 170 206 251 305 
4 12 21 32 51 80 110 132 164 212 263 304 
4 12 21 32 51 80 110 132 164 212 263 304 
4 10 20 34 53 77 106 138 170 206 251 305 
4 10 20 34 53 77 106 138 170 206 251 305 
4 10 21 37 55 75 101 136 175 211 250 300 
4 10 21 37 55 75 101 136 175 211 250 300 
4 12 21 32 51 80 110 132 164 212 263 304 
4 12 21 32 51 80 110 132 164 212 263 304 
4 10 20 34 53 77 106 138 170 206 251 305 
4 10 20 34 53 77 106 138 170 206 251 305 
4 10 20 34 53 77 106 138 170 206 251 305 
4 10 20 34 53 77 106 138 170 206 251 305 
4 10 21 37 55 75 101 136 175 211 250 300 
4 10 21 37 55 75 101 136 175 211 250 300 
4 10 21 37 55 75 101 136 175 211 250 300 
4 10 21 37 55 75 101 136 175 211 250 300 
4 10 21 37 55 75 101 136 175 211 250 300 
4 10 21 37 55 75 101 136 175 211 250 300 
4 10 21 37 55 75 101 136 175 211 250 300 
4 10 21 37 55 75 101 136 175 211 250 300 
4 10 20 34 53 77 106 138 170 206 251 305 
4 10 20 34 53 77 106 138 170 206 251 305 
4 10 20 34 53 77 106 138 170 206 251 305 
4 10 20 34 53 77 106 138 170 206 251 305 
4 12 21 32 51 80 110 132 164 212 263 304 
4 12 21 32 51 80 110 132 164 212 263 304 
4 10 21 37 55 75 101 136 175 211 250 300 
4 10 21 37 55 75 101 136 175 211 250 300 
4 10 20 34 53 77 106 138 170 206 251 305 
4 10 20 34 53 77 106 138 170 206 251 305 
4 12 21 32 51 80 110 132 164 212 263 304 
4 12 21 32 51 80 110 132 164 212 263 304 
4 10 20 34 53 77 106 138 170 206 251 305 
4 10 20 34 53 77 106 138 170 206 251 305 
4 10 21 37 55 75 101 136 175 211 250 300 
4 10 21 37 55 75 101 136 175 211 250 300 
4 12 21 32 51 80 110 132 164 212 263 304 
4 12 21 32 51 80 110 132 164 212 263 304 
4 10 20 34 53 77 106 138 170 206 251 305 
4 10 20 34 53 77 106 138 170 206 251 305 
4 10 20 34 53 77 106 138 170 206 251 305 
4 10 20 34 53 77 106 138 170 206 251 305 
4 10 21 37 55 75 101 136 175 211 250 300 
4 10 21 37 55 75 101 136 175 211 250 300 
4 10 21 37 55 75 101 136 175 211 250 300 
4 10 21 37 55 75 101 136 175 211 250 300 
4 10 21 37 55 75 101 136 175 211 250 300 
4 10 21 37 55 75 101 136 175 211 250 300 
4 10 21 37 55 75 101 136 175 211 250 300 
4 10 21 37 55 75 101 136 175 211 250 300 
4 10 20 34 53 77 106 138 170 206 251 305 
4 10 20 34 53 77 106 138 170 206 251 305 
4 10 20 34 53 77 106 138 170 206 251 305 
4 10 20 34 53 77 106 138 170 206 251 305 
4 12 21 32 51 80 110 132 164 212 263 304 
4 12 21 32 51 80 110 132 164 212 263 304 
4 10 21 37 55 75 101 136 175 211 250 300 
4 10 21 37 55 75 101 136 175 211 250 300 
4 10 20 34 53 77 106 138 170 206 251 305 
4 10 20 34 53 77 106 138 170 206 251 305 
4 12 21 32 51 80 110 132 164 212 263 304 
4 12 21 32 51 80 110 132 164 212 263 304 
