4 12 24 42 64 93 133 179 234 290 338 388 
4 12 24 42 64 93 133 179 234 290 338 388 
4 11 24 45 77 109 137 174 224 280 344 417 
4 11 24 45 77 109 137 174 224 280 344 417 
4 12 24 42 70 95 136 184 227 277 346 399 
4 12 24 42 70 95 136 184 227 277 346 399 
4 12 26 45 64 96 134 186 230 290 339 395 
4 12 26 45 64 96 134 186 230 290 339 395 
4 12 27 47 69 99 142 184 227 281 344 414 
4 12 27 47 69 99 142 184 227 281 344 414 
4 12 27 47 69 99 142 184 227 281 344 414 
4 12 27 47 69 99 142 184 227 281 344 414 
4 12 26 45 64 96 134 186 230 290 339 395 
4 12 26 45 64 96 134 186 230 290 339 395 
4 12 24 42 70 95 136 184 227 277 346 399 
4 12 24 42 70 95 136 184 227 277 346 399 
4 11 24 45 77 109 137 174 224 280 344 417 
4 11 24 45 77 109 137 174 224 280 344 417 
4 12 24 42 64 93 133 179 234 290 338 388 
4 12 24 42 64 93 133 179 234 290 338 388 
4 12 21 44 74 106 138 172 226 284 337 412 
4 12 21 44 74 106 138 172 226 284 337 412 
4 12 24 42 64 93 133 179 234 290 338 388 
4 12 24 42 64 93 133 179 234 290 338 388 
4 11 24 45 77 109 137 174 224 280 344 417 
4 11 24 45 77 109 137 174 224 280 344 417 
4 12 24 42 70 95 136 184 227 277 346 399 
4 12 24 42 70 95 136 184 227 277 346 399 
4 12 26 45 64 96 134 186 230 290 339 395 
4 12 26 45 64 96 134 186 230 290 339 395 
4 12 27 47 69 99 142 184 227 281 344 414 
4 12 27 47 69 99 142 184 227 281 344 414 
4 12 27 47 69 99 142 184 227 281 344 414 
4 12 27 47 69 99 142 184 227 281 344 414 
4 12 26 45 64 96 134 186 230 290 339 395 
4 12 26 45 64 96 134 186 230 290 339 395 
4 12 24 42 70 95 136 184 227 277 346 399 
4 12 24 42 70 95 136 184 227 277 346 399 
4 11 24 45 77 109 137 174 224 280 344 417 
4 11 24 45 77 109 137 174 224 280 344 417 
4 12 24 42 64 93 133 179 234 290 338 388 
4 12 24 42 64 93 133 179 234 290 338 388 
4 12 21 44 74 106 138 172 226 284 337 412 
4 12 21 44 74 106 138 172 226 284 337 412 
