4 12 23 38 59 83 115 155 192 233 271 328 
4 12 24 39 55 85 122 156 188 225 280 347 
4 12 24 39 55 85 122 156 188 225 280 347 
4 12 23 38 59 83 115 155 192 233 271 328 
4 12 21 37 58 87 119 154 182 227 287 346 
4 12 23 37 59 85 120 154 184 231 288 343 
4 12 21 37 62 84 119 147 188 239 286 326 
4 11 22 38 60 86 115 147 191 238 289 339 
4 11 22 38 60 88 113 147 190 243 290 328 
4 11 22 38 60 88 113 147 190 243 290 328 
4 11 22 38 60 86 115 147 191 238 289 339 
4 12 21 37 62 84 119 147 188 239 286 326 
4 12 23 37 59 85 120 154 184 231 288 343 
4 12 21 37 58 87 119 154 182 227 287 346 
4 12 23 38 59 83 115 155 192 233 271 328 
4 12 24 39 55 85 122 156 188 225 280 347 
4 12 24 39 55 85 122 156 188 225 280 347 
4 12 23 38 59 83 115 155 192 233 271 328 
4 12 21 37 58 87 119 154 182 227 287 346 
4 12 23 37 59 85 120 154 184 231 288 343 
4 12 21 37 62 84 119 147 188 239 286 326 
4 11 22 38 60 86 115 147 191 238 289 339 
4 11 22 38 60 88 113 147 190 243 290 328 
4 11 22 38 60 88 113 147 190 243 290 328 
4 11 22 38 60 86 115 147 191 238 289 339 
4 12 21 37 62 84 119 147 188 239 286 326 
4 12 23 37 59 85 120 154 184 231 288 343 
4 12 21 37 58 87 119 154 182 227 287 346 
