4 8 17 32 46 71 95 129 166 199 241 309 
4 8 17 32 46 71 95 129 166 199 241 309 
4 8 17 32 46 71 95 129 166 199 241 309 
4 8 17 32 46 71 95 129 166 199 241 309 
4 8 17 32 46 71 95 129 166 199 241 309 
4 8 17 32 46 71 95 129 166 199 241 309 
4 8 17 32 46 71 95 129 166 199 241 309 
4 8 17 32 46 71 95 129 166 199 241 309 
4 8 17 32 46 71 95 129 166 199 241 309 
4 8 17 32 46 71 95 129 166 199 241 309 
4 8 17 32 46 71 95 129 166 199 241 309 
4 8 17 32 46 71 95 129 166 199 241 309 
4 9 18 32 50 70 95 128 166 212 259 296 
4 9 18 32 50 70 95 128 166 212 259 296 
4 9 18 32 50 70 95 128 166 212 259 296 
4 9 18 32 50 70 95 128 166 212 259 296 
4 8 17 32 46 71 95 129 166 199 241 309 
4 8 17 32 46 71 95 129 166 199 241 309 
4 8 17 32 46 71 95 129 166 199 241 309 
4 8 17 32 46 71 95 129 166 199 241 309 
4 8 17 32 46 71 95 129 166 199 241 309 
4 8 17 32 46 71 95 129 166 199 241 309 
4 8 17 32 46 71 95 129 166 199 241 309 
4 8 17 32 46 71 95 129 166 199 241 309 
4 8 17 32 46 71 95 129 166 199 241 309 
4 8 17 32 46 71 95 129 166 199 241 309 
4 8 17 32 46 71 95 129 166 199 241 309 
4 8 17 32 46 71 95 129 166 199 241 309 
4 9 18 32 50 70 95 128 166 212 259 296 
4 9 18 32 50 70 95 128 166 212 259 296 
4 9 18 32 50 70 95 128 166 212 259 296 
4 9 18 32 50 70 95 128 166 212 259 296 
4 9 18 32 50 70 95 128 166 212 259 296 
4 9 18 32 50 70 95 128 166 212 259 296 
4 9 18 32 50 70 95 128 166 212 259 296 
4 9 18 32 50 70 95 128 166 212 259 296 
