4 8 16 30 45 69 95 126 162 194 242 295 
4 8 16 30 45 69 95 126 162 194 242 295 
4 8 16 30 45 69 95 126 162 194 242 295 
4 8 16 30 45 69 95 126 162 194 242 295 
4 8 16 30 50 67 93 122 154 204 256 292 
4 8 16 30 50 67 93 122 154 204 256 292 
4 9 18 32 46 64 93 130 170 214 247 260 
4 9 18 32 46 64 93 130 170 214 247 260 
4 8 17 30 43 69 97 124 174 195 229 305 
4 8 17 30 43 69 97 124 174 195 229 305 
4 8 17 30 43 69 97 124 174 195 229 305 
4 8 17 30 43 69 97 124 174 195 229 305 
4 8 16 30 45 69 95 126 162 194 242 295 
4 8 16 30 45 69 95 126 162 194 242 295 
4 8 16 30 45 69 95 126 162 194 242 295 
4 8 16 30 45 69 95 126 162 194 242 295 
4 8 16 30 45 69 95 126 162 194 242 295 
4 8 16 30 45 69 95 126 162 194 242 295 
4 8 16 30 45 69 95 126 162 194 242 295 
4 8 16 30 45 69 95 126 162 194 242 295 
4 8 17 30 43 69 97 124 174 195 229 305 
4 8 17 30 43 69 97 124 174 195 229 305 
4 8 17 30 43 69 97 124 174 195 229 305 
4 8 17 30 43 69 97 124 174 195 229 305 
4 9 18 32 46 64 93 130 170 214 247 260 
4 9 18 32 46 64 93 130 170 214 247 260 
4 8 16 30 50 67 93 122 154 204 256 292 
4 8 16 30 50 67 93 122 154 204 256 292 
4 8 16 30 45 69 95 126 162 194 242 295 
4 8 16 30 45 69 95 126 162 194 242 295 
4 8 16 30 45 69 95 126 162 194 242 295 
4 8 16 30 45 69 95 126 162 194 242 295 
4 8 16 30 50 67 93 122 154 204 256 292 
4 8 16 30 50 67 93 122 154 204 256 292 
4 8 16 32 52 72 90 120 160 208 264 320 
4 8 16 32 52 72 90 120 160 208 264 320 
4 8 16 30 50 67 93 122 154 204 256 292 
4 8 16 30 50 67 93 122 154 204 256 292 
4 8 16 30 45 69 95 126 162 194 242 295 
4 8 16 30 45 69 95 126 162 194 242 295 
4 8 16 30 45 69 95 126 162 194 242 295 
4 8 16 30 45 69 95 126 162 194 242 295 
4 8 16 30 50 67 93 122 154 204 256 292 
4 8 16 30 50 67 93 122 154 204 256 292 
4 9 18 32 46 64 93 130 170 214 247 260 
4 9 18 32 46 64 93 130 170 214 247 260 
4 8 17 30 43 69 97 124 174 195 229 305 
4 8 17 30 43 69 97 124 174 195 229 305 
4 8 17 30 43 69 97 124 174 195 229 305 
4 8 17 30 43 69 97 124 174 195 229 305 
4 8 16 30 45 69 95 126 162 194 242 295 
4 8 16 30 45 69 95 126 162 194 242 295 
4 8 16 30 45 69 95 126 162 194 242 295 
4 8 16 30 45 69 95 126 162 194 242 295 
4 8 16 30 45 69 95 126 162 194 242 295 
4 8 16 30 45 69 95 126 162 194 242 295 
4 8 16 30 45 69 95 126 162 194 242 295 
4 8 16 30 45 69 95 126 162 194 242 295 
4 8 17 30 43 69 97 124 174 195 229 305 
4 8 17 30 43 69 97 124 174 195 229 305 
4 8 17 30 43 69 97 124 174 195 229 305 
4 8 17 30 43 69 97 124 174 195 229 305 
4 9 18 32 46 64 93 130 170 214 247 260 
4 9 18 32 46 64 93 130 170 214 247 260 
4 8 16 30 50 67 93 122 154 204 256 292 
4 8 16 30 50 67 93 122 154 204 256 292 
4 8 16 30 45 69 95 126 162 194 242 295 
4 8 16 30 45 69 95 126 162 194 242 295 
4 8 16 30 45 69 95 126 162 194 242 295 
4 8 16 30 45 69 95 126 162 194 242 295 
4 8 16 30 50 67 93 122 154 204 256 292 
4 8 16 30 50 67 93 122 154 204 256 292 
4 8 16 32 52 72 90 120 160 208 264 320 
4 8 16 32 52 72 90 120 160 208 264 320 
4 8 16 30 50 67 93 122 154 204 256 292 
4 8 16 30 50 67 93 122 154 204 256 292 
