4 9 17 30 50 75 98 118 144 185 238 288 
4 9 17 30 50 75 98 118 144 185 238 288 
4 9 17 30 50 75 98 118 144 185 238 288 
4 9 17 30 50 75 98 118 144 185 238 288 
4 10 20 32 46 66 94 128 162 192 222 262 
4 10 20 32 46 66 94 128 162 192 222 262 
4 9 17 30 50 75 98 118 144 185 238 288 
4 9 17 30 50 75 98 118 144 185 238 288 
4 9 17 30 50 75 98 118 144 185 238 288 
4 9 17 30 50 75 98 118 144 185 238 288 
4 10 20 32 46 66 94 128 162 192 222 262 
4 10 20 32 46 66 94 128 162 192 222 262 
4 10 20 32 46 66 94 128 162 192 222 262 
4 10 20 32 46 66 94 128 162 192 222 262 
4 9 17 30 50 75 98 118 144 185 238 288 
4 9 17 30 50 75 98 118 144 185 238 288 
4 9 17 30 50 75 98 118 144 185 238 288 
4 9 17 30 50 75 98 118 144 185 238 288 
