4 10 21 37 57 82 111 145 189 236 280 332 
4 10 21 37 57 82 111 145 189 236 280 332 
4 12 22 37 60 81 112 154 192 230 284 336 
4 11 22 34 52 84 120 149 180 220 276 351 
4 12 22 37 60 81 112 154 192 230 284 336 
4 11 22 34 52 84 120 149 180 220 276 351 
4 11 22 34 52 84 120 149 180 220 276 351 
4 12 22 37 60 81 112 154 192 230 284 336 
4 11 22 34 52 84 120 149 180 220 276 351 
4 12 22 37 60 81 112 154 192 230 284 336 
4 10 21 37 57 82 111 145 189 236 280 332 
4 10 21 37 57 82 111 145 189 236 280 332 
4 10 21 37 57 82 111 145 189 236 280 332 
4 10 21 37 57 82 111 145 189 236 280 332 
4 10 21 37 57 82 111 145 189 236 280 332 
4 10 21 37 57 82 111 145 189 236 280 332 
4 10 21 37 57 82 111 145 189 236 280 332 
4 10 21 37 57 82 111 145 189 236 280 332 
4 12 22 37 60 81 112 154 192 230 284 336 
4 11 22 34 52 84 120 149 180 220 276 351 
4 12 22 37 60 81 112 154 192 230 284 336 
4 11 22 34 52 84 120 149 180 220 276 351 
4 11 22 34 52 84 120 149 180 220 276 351 
4 12 22 37 60 81 112 154 192 230 284 336 
4 11 22 34 52 84 120 149 180 220 276 351 
4 12 22 37 60 81 112 154 192 230 284 336 
4 10 21 37 57 82 111 145 189 236 280 332 
4 10 21 37 57 82 111 145 189 236 280 332 
4 10 21 37 57 82 111 145 189 236 280 332 
4 10 21 37 57 82 111 145 189 236 280 332 
4 10 21 37 57 82 111 145 189 236 280 332 
4 10 21 37 57 82 111 145 189 236 280 332 
