4 12 27 42 62 97 143 171 209 264 337 390 
4 12 27 42 62 97 143 171 209 264 337 390 
4 12 21 38 70 98 124 162 220 277 317 378 
4 12 23 40 64 95 136 171 205 273 327 389 
4 12 22 44 66 94 129 179 223 261 309 388 
4 12 22 44 66 94 129 179 223 261 309 388 
4 12 21 40 68 92 126 167 220 268 314 384 
4 12 21 40 68 92 126 167 220 268 314 384 
4 12 20 38 69 100 119 161 234 269 310 370 
4 12 24 37 70 102 122 165 230 268 314 373 
4 12 22 41 67 96 128 170 218 270 317 381 
4 12 22 41 67 96 128 170 218 270 317 381 
4 12 20 39 67 104 119 158 223 280 309 377 
4 12 20 39 67 104 119 158 223 280 309 377 
4 12 22 41 67 96 128 170 218 270 317 381 
4 12 22 41 67 96 128 170 218 270 317 381 
4 12 24 37 70 102 122 165 230 268 314 373 
4 12 20 38 69 100 119 161 234 269 310 370 
4 12 21 40 68 92 126 167 220 268 314 384 
4 12 21 40 68 92 126 167 220 268 314 384 
4 12 22 44 66 94 129 179 223 261 309 388 
4 12 22 44 66 94 129 179 223 261 309 388 
4 12 23 40 64 95 136 171 205 273 327 389 
4 12 21 38 70 98 124 162 220 277 317 378 
4 12 27 42 62 97 143 171 209 264 337 390 
4 12 27 42 62 97 143 171 209 264 337 390 
4 12 25 42 65 98 133 173 212 266 331 388 
4 12 25 42 65 98 133 173 212 266 331 388 
4 12 25 42 65 98 133 173 212 266 331 388 
4 12 25 42 65 98 133 173 212 266 331 388 
4 12 27 42 62 97 143 171 209 264 337 390 
4 12 27 42 62 97 143 171 209 264 337 390 
4 12 21 38 70 98 124 162 220 277 317 378 
4 12 23 40 64 95 136 171 205 273 327 389 
4 12 22 44 66 94 129 179 223 261 309 388 
4 12 22 44 66 94 129 179 223 261 309 388 
4 12 21 40 68 92 126 167 220 268 314 384 
4 12 21 40 68 92 126 167 220 268 314 384 
4 12 20 38 69 100 119 161 234 269 310 370 
4 12 24 37 70 102 122 165 230 268 314 373 
4 12 22 41 67 96 128 170 218 270 317 381 
4 12 22 41 67 96 128 170 218 270 317 381 
4 12 20 39 67 104 119 158 223 280 309 377 
4 12 20 39 67 104 119 158 223 280 309 377 
4 12 22 41 67 96 128 170 218 270 317 381 
4 12 22 41 67 96 128 170 218 270 317 381 
4 12 24 37 70 102 122 165 230 268 314 373 
4 12 20 38 69 100 119 161 234 269 310 370 
4 12 21 40 68 92 126 167 220 268 314 384 
4 12 21 40 68 92 126 167 220 268 314 384 
4 12 22 44 66 94 129 179 223 261 309 388 
4 12 22 44 66 94 129 179 223 261 309 388 
4 12 23 40 64 95 136 171 205 273 327 389 
4 12 21 38 70 98 124 162 220 277 317 378 
4 12 27 42 62 97 143 171 209 264 337 390 
4 12 27 42 62 97 143 171 209 264 337 390 
4 12 25 42 65 98 133 173 212 266 331 388 
4 12 25 42 65 98 133 173 212 266 331 388 
4 12 25 42 65 98 133 173 212 266 331 388 
4 12 25 42 65 98 133 173 212 266 331 388 
