4 9 18 32 48 68 96 126 155 191 234 277 
4 9 18 32 48 68 96 126 155 191 234 277 
4 9 18 32 48 68 96 126 155 191 234 277 
4 9 18 32 48 68 96 126 155 191 234 277 
4 9 18 32 50 71 94 122 157 195 232 273 
4 9 18 32 50 71 94 122 157 195 232 273 
4 9 18 32 50 71 94 122 157 195 232 273 
4 9 18 32 50 71 94 122 157 195 232 273 
4 9 18 32 48 68 96 126 155 191 234 277 
4 9 18 32 48 68 96 126 155 191 234 277 
4 9 18 32 50 71 94 122 157 195 232 273 
4 9 18 32 50 71 94 122 157 195 232 273 
4 9 18 32 50 71 94 122 157 195 232 273 
4 9 18 32 50 71 94 122 157 195 232 273 
4 9 18 32 48 68 96 126 155 191 234 277 
4 9 18 32 48 68 96 126 155 191 234 277 
4 9 18 32 48 68 96 126 155 191 234 277 
4 9 18 32 48 68 96 126 155 191 234 277 
4 9 18 32 50 71 94 122 157 195 232 273 
4 9 18 32 50 71 94 122 157 195 232 273 
4 9 18 32 50 71 94 122 157 195 232 273 
4 9 18 32 50 71 94 122 157 195 232 273 
4 9 18 32 48 68 96 126 155 191 234 277 
4 9 18 32 48 68 96 126 155 191 234 277 
4 9 18 32 48 68 96 126 155 191 234 277 
4 9 18 32 48 68 96 126 155 191 234 277 
4 9 18 32 48 68 96 126 155 191 234 277 
4 9 18 32 48 68 96 126 155 191 234 277 
4 9 18 32 50 71 94 122 157 195 232 273 
4 9 18 32 50 71 94 122 157 195 232 273 
4 9 18 32 50 71 94 122 157 195 232 273 
4 9 18 32 50 71 94 122 157 195 232 273 
