4 10 21 38 57 76 105 146 182 212 262 325 
4 10 21 38 57 76 105 146 182 212 262 325 
4 10 20 34 54 82 108 134 175 224 264 304 
4 11 20 34 55 83 110 136 176 227 264 304 
4 10 20 36 56 76 105 144 180 215 260 323 
4 10 19 34 56 78 106 144 179 211 262 321 
4 9 18 34 54 75 104 142 176 211 260 319 
4 9 18 34 54 75 104 142 176 211 260 319 
4 10 19 34 56 78 106 144 179 211 262 321 
4 10 20 36 56 76 105 144 180 215 260 323 
4 10 20 34 54 82 108 134 175 224 264 304 
4 11 20 34 55 83 110 136 176 227 264 304 
4 10 21 38 57 76 105 146 182 212 262 325 
4 10 21 38 57 76 105 146 182 212 262 325 
4 10 20 34 54 82 108 134 175 224 264 304 
4 11 20 34 55 83 110 136 176 227 264 304 
4 10 20 36 56 76 105 144 180 215 260 323 
4 10 19 34 56 78 106 144 179 211 262 321 
4 9 18 34 54 75 104 142 176 211 260 319 
4 9 18 34 54 75 104 142 176 211 260 319 
4 10 19 34 56 78 106 144 179 211 262 321 
4 10 20 36 56 76 105 144 180 215 260 323 
4 10 20 34 54 82 108 134 175 224 264 304 
4 11 20 34 55 83 110 136 176 227 264 304 
