4 9 16 29 48 70 91 119 163 187 233 271 
4 9 16 29 48 70 91 119 163 187 233 271 
4 8 16 29 48 62 92 121 152 183 235 272 
4 8 16 29 48 62 92 121 152 183 235 272 
4 9 16 28 48 71 87 119 156 199 227 273 
4 9 16 28 48 71 87 119 156 199 227 273 
4 9 16 28 48 71 87 119 156 199 227 273 
4 9 16 28 48 71 87 119 156 199 227 273 
4 8 16 29 48 62 92 121 152 183 235 272 
4 8 16 29 48 62 92 121 152 183 235 272 
4 9 16 29 48 70 91 119 163 187 233 271 
4 9 16 29 48 70 91 119 163 187 233 271 
4 8 16 30 49 65 91 127 151 192 229 284 
4 8 16 30 49 65 91 127 151 192 229 284 
4 8 16 32 46 64 94 130 146 190 238 284 
4 8 16 32 46 64 94 130 146 190 238 284 
4 8 16 30 49 65 91 127 151 192 229 284 
4 8 16 30 49 65 91 127 151 192 229 284 
4 9 16 29 48 70 91 119 163 187 233 271 
4 9 16 29 48 70 91 119 163 187 233 271 
4 8 16 29 48 62 92 121 152 183 235 272 
4 8 16 29 48 62 92 121 152 183 235 272 
4 9 16 28 48 71 87 119 156 199 227 273 
4 9 16 28 48 71 87 119 156 199 227 273 
4 9 16 28 48 71 87 119 156 199 227 273 
4 9 16 28 48 71 87 119 156 199 227 273 
4 8 16 29 48 62 92 121 152 183 235 272 
4 8 16 29 48 62 92 121 152 183 235 272 
4 9 16 29 48 70 91 119 163 187 233 271 
4 9 16 29 48 70 91 119 163 187 233 271 
4 8 16 30 49 65 91 127 151 192 229 284 
4 8 16 30 49 65 91 127 151 192 229 284 
4 8 16 32 46 64 94 130 146 190 238 284 
4 8 16 32 46 64 94 130 146 190 238 284 
4 8 16 30 49 65 91 127 151 192 229 284 
4 8 16 30 49 65 91 127 151 192 229 284 
