4 10 19 36 58 83 112 142 189 248 277 329 
4 10 19 36 58 83 112 142 189 248 277 329 
4 11 22 40 57 81 119 162 189 222 291 359 
4 11 22 40 57 81 119 162 189 222 291 359 
4 11 22 40 57 81 119 162 189 222 291 359 
4 11 22 40 57 81 119 162 189 222 291 359 
4 10 19 36 58 83 112 142 189 248 277 329 
4 10 19 36 58 83 112 142 189 248 277 329 
4 10 19 37 58 84 112 141 193 244 282 329 
4 10 19 37 58 84 112 141 193 244 282 329 
4 10 19 34 61 81 109 149 191 236 289 329 
4 10 19 34 61 81 109 149 191 236 289 329 
4 11 19 31 60 92 108 134 188 252 287 318 
4 11 19 31 60 92 108 134 188 252 287 318 
4 11 19 31 60 92 108 134 188 252 287 318 
4 11 19 31 60 92 108 134 188 252 287 318 
4 10 19 34 61 81 109 149 191 236 289 329 
4 10 19 34 61 81 109 149 191 236 289 329 
4 10 19 37 58 84 112 141 193 244 282 329 
4 10 19 37 58 84 112 141 193 244 282 329 
