4 10 19 35 59 84 108 141 193 245 273 317 
4 10 19 35 59 84 108 141 193 245 273 317 
4 11 22 38 57 80 120 158 183 219 284 351 
4 11 22 38 57 80 120 158 183 219 284 351 
4 11 22 38 57 80 120 158 183 219 284 351 
4 11 22 38 57 80 120 158 183 219 284 351 
4 10 19 35 59 84 108 141 193 245 273 317 
4 10 19 35 59 84 108 141 193 245 273 317 
4 10 19 36 59 85 108 141 196 243 271 322 
4 10 19 36 59 85 108 141 196 243 271 322 
4 10 19 34 59 85 107 144 193 234 284 322 
4 10 19 34 59 85 107 144 193 234 284 322 
4 11 19 31 61 88 108 135 185 250 284 312 
4 11 19 31 61 88 108 135 185 250 284 312 
4 11 19 31 61 88 108 135 185 250 284 312 
4 11 19 31 61 88 108 135 185 250 284 312 
4 10 19 34 59 85 107 144 193 234 284 322 
4 10 19 34 59 85 107 144 193 234 284 322 
4 10 19 36 59 85 108 141 196 243 271 322 
4 10 19 36 59 85 108 141 196 243 271 322 
4 10 19 35 59 84 108 141 193 245 273 317 
4 10 19 35 59 84 108 141 193 245 273 317 
4 11 22 38 57 80 120 158 183 219 284 351 
4 11 22 38 57 80 120 158 183 219 284 351 
4 11 22 38 57 80 120 158 183 219 284 351 
4 11 22 38 57 80 120 158 183 219 284 351 
4 10 19 35 59 84 108 141 193 245 273 317 
4 10 19 35 59 84 108 141 193 245 273 317 
4 10 19 36 59 85 108 141 196 243 271 322 
4 10 19 36 59 85 108 141 196 243 271 322 
4 10 19 34 59 85 107 144 193 234 284 322 
4 10 19 34 59 85 107 144 193 234 284 322 
4 11 19 31 61 88 108 135 185 250 284 312 
4 11 19 31 61 88 108 135 185 250 284 312 
4 11 19 31 61 88 108 135 185 250 284 312 
4 11 19 31 61 88 108 135 185 250 284 312 
4 10 19 34 59 85 107 144 193 234 284 322 
4 10 19 34 59 85 107 144 193 234 284 322 
4 10 19 36 59 85 108 141 196 243 271 322 
4 10 19 36 59 85 108 141 196 243 271 322 
