4 10 20 34 62 86 108 150 201 242 285 329 
4 10 20 34 62 86 108 150 201 242 285 329 
4 11 21 36 62 90 111 148 203 252 285 331 
4 11 21 36 62 90 111 148 203 252 285 331 
4 10 19 37 59 86 111 149 201 241 281 340 
4 10 19 37 59 86 111 149 201 241 281 340 
4 10 19 37 59 86 111 149 201 241 281 340 
4 10 19 37 59 86 111 149 201 241 281 340 
4 11 21 36 62 90 111 148 203 252 285 331 
4 11 21 36 62 90 111 148 203 252 285 331 
4 10 20 34 62 86 108 150 201 242 285 329 
4 10 20 34 62 86 108 150 201 242 285 329 
4 11 23 40 56 83 130 163 182 226 300 371 
4 11 23 40 56 83 130 163 182 226 300 371 
4 12 18 34 62 90 112 136 198 264 286 314 
4 12 18 34 62 90 112 136 198 264 286 314 
4 11 23 40 56 83 130 163 182 226 300 371 
4 11 23 40 56 83 130 163 182 226 300 371 
