4 11 21 40 61 89 116 145 191 239 294 339 
4 11 21 40 61 89 116 145 191 239 294 339 
4 11 21 40 61 89 116 145 191 239 294 339 
4 11 21 40 61 89 116 145 191 239 294 339 
4 9 19 39 59 78 117 155 189 235 288 330 
4 9 19 39 59 78 117 155 189 235 288 330 
4 10 21 37 58 91 117 144 194 241 287 343 
4 10 21 37 58 91 117 144 194 241 287 343 
4 10 21 37 58 91 117 144 194 241 287 343 
4 10 21 37 58 91 117 144 194 241 287 343 
4 9 21 42 57 82 119 151 188 239 277 345 
4 9 21 42 57 82 119 151 188 239 277 345 
4 8 20 44 55 80 118 152 204 228 272 354 
4 8 20 44 55 80 118 152 204 228 272 354 
4 9 21 42 57 82 119 151 188 239 277 345 
4 9 21 42 57 82 119 151 188 239 277 345 
4 9 19 39 59 78 117 155 189 235 288 330 
4 9 19 39 59 78 117 155 189 235 288 330 
4 11 21 40 61 89 116 145 191 239 294 339 
4 11 21 40 61 89 116 145 191 239 294 339 
4 11 21 40 61 89 116 145 191 239 294 339 
4 11 21 40 61 89 116 145 191 239 294 339 
4 9 19 39 59 78 117 155 189 235 288 330 
4 9 19 39 59 78 117 155 189 235 288 330 
4 9 21 42 57 82 119 151 188 239 277 345 
4 9 21 42 57 82 119 151 188 239 277 345 
4 8 20 44 55 80 118 152 204 228 272 354 
4 8 20 44 55 80 118 152 204 228 272 354 
4 9 21 42 57 82 119 151 188 239 277 345 
4 9 21 42 57 82 119 151 188 239 277 345 
4 10 21 37 58 91 117 144 194 241 287 343 
4 10 21 37 58 91 117 144 194 241 287 343 
4 10 21 37 58 91 117 144 194 241 287 343 
4 10 21 37 58 91 117 144 194 241 287 343 
4 9 19 39 59 78 117 155 189 235 288 330 
4 9 19 39 59 78 117 155 189 235 288 330 
