4 11 21 35 57 80 106 139 176 218 261 311 
4 11 21 35 57 80 106 139 176 218 261 311 
4 10 22 37 54 79 108 140 176 215 262 312 
4 10 22 37 54 79 108 140 176 215 262 312 
4 10 22 37 54 79 108 140 176 215 262 312 
4 10 22 37 54 79 108 140 176 215 262 312 
4 11 21 35 57 80 106 139 176 218 261 311 
4 11 21 35 57 80 106 139 176 218 261 311 
4 10 19 33 56 81 105 136 175 219 262 307 
4 10 19 33 56 81 105 136 175 219 262 307 
4 10 19 33 56 81 105 136 175 219 262 307 
4 10 19 33 56 81 105 136 175 219 262 307 
4 11 21 35 57 80 106 139 176 218 261 311 
4 11 21 35 57 80 106 139 176 218 261 311 
4 10 22 37 54 79 108 140 176 215 262 312 
4 10 22 37 54 79 108 140 176 215 262 312 
4 10 22 37 54 79 108 140 176 215 262 312 
4 10 22 37 54 79 108 140 176 215 262 312 
4 11 21 35 57 80 106 139 176 218 261 311 
4 11 21 35 57 80 106 139 176 218 261 311 
4 10 19 33 56 81 105 136 175 219 262 307 
4 10 19 33 56 81 105 136 175 219 262 307 
4 10 19 33 56 81 105 136 175 219 262 307 
4 10 19 33 56 81 105 136 175 219 262 307 
