4 10 18 31 55 77 103 134 165 214 255 299 
4 10 18 31 55 77 103 134 165 214 255 299 
4 10 19 31 50 82 106 130 168 203 260 312 
4 10 19 31 50 82 106 130 168 203 260 312 
4 10 19 31 50 82 106 130 168 203 260 312 
4 10 19 31 50 82 106 130 168 203 260 312 
4 10 18 31 55 77 103 134 165 214 255 299 
4 10 18 31 55 77 103 134 165 214 255 299 
4 10 21 36 54 75 100 136 181 214 244 295 
4 10 21 36 54 75 100 136 181 214 244 295 
4 11 21 34 53 78 108 137 165 207 259 308 
4 11 21 34 53 78 108 137 165 207 259 308 
4 11 21 34 53 78 108 137 165 207 259 308 
4 11 21 34 53 78 108 137 165 207 259 308 
4 10 21 36 54 75 100 136 181 214 244 295 
4 10 21 36 54 75 100 136 181 214 244 295 
4 10 18 31 55 77 103 134 165 214 255 299 
4 10 18 31 55 77 103 134 165 214 255 299 
4 10 19 31 50 82 106 130 168 203 260 312 
4 10 19 31 50 82 106 130 168 203 260 312 
4 10 19 31 50 82 106 130 168 203 260 312 
4 10 19 31 50 82 106 130 168 203 260 312 
4 10 18 31 55 77 103 134 165 214 255 299 
4 10 18 31 55 77 103 134 165 214 255 299 
4 10 21 36 54 75 100 136 181 214 244 295 
4 10 21 36 54 75 100 136 181 214 244 295 
4 11 21 34 53 78 108 137 165 207 259 308 
4 11 21 34 53 78 108 137 165 207 259 308 
4 11 21 34 53 78 108 137 165 207 259 308 
4 11 21 34 53 78 108 137 165 207 259 308 
4 10 21 36 54 75 100 136 181 214 244 295 
4 10 21 36 54 75 100 136 181 214 244 295 
