4 11 21 37 62 85 114 148 185 232 284 335 
4 11 21 37 62 85 114 148 185 232 284 335 
4 11 23 38 58 86 114 148 189 234 280 332 
4 11 23 38 58 86 114 148 189 234 280 332 
4 12 22 40 58 82 116 154 186 232 280 332 
4 12 22 40 58 82 116 154 186 232 280 332 
4 11 23 38 58 86 114 148 189 234 280 332 
4 11 23 38 58 86 114 148 189 234 280 332 
4 11 21 37 62 85 114 148 185 232 284 335 
4 11 21 37 62 85 114 148 185 232 284 335 
4 10 21 38 60 84 113 148 192 232 274 335 
4 10 21 38 60 84 113 148 192 232 274 335 
4 10 21 37 58 87 116 146 185 232 282 335 
4 10 21 37 58 87 116 146 185 232 282 335 
4 10 21 37 58 87 116 146 185 232 282 335 
4 10 21 37 58 87 116 146 185 232 282 335 
4 10 21 38 60 84 113 148 192 232 274 335 
4 10 21 38 60 84 113 148 192 232 274 335 
4 11 21 37 62 85 114 148 185 232 284 335 
4 11 21 37 62 85 114 148 185 232 284 335 
4 11 23 38 58 86 114 148 189 234 280 332 
4 11 23 38 58 86 114 148 189 234 280 332 
4 12 22 40 58 82 116 154 186 232 280 332 
4 12 22 40 58 82 116 154 186 232 280 332 
4 11 23 38 58 86 114 148 189 234 280 332 
4 11 23 38 58 86 114 148 189 234 280 332 
4 11 21 37 62 85 114 148 185 232 284 335 
4 11 21 37 62 85 114 148 185 232 284 335 
4 10 21 38 60 84 113 148 192 232 274 335 
4 10 21 38 60 84 113 148 192 232 274 335 
4 10 21 37 58 87 116 146 185 232 282 335 
4 10 21 37 58 87 116 146 185 232 282 335 
4 10 21 37 58 87 116 146 185 232 282 335 
4 10 21 37 58 87 116 146 185 232 282 335 
4 10 21 38 60 84 113 148 192 232 274 335 
4 10 21 38 60 84 113 148 192 232 274 335 
