4 12 24 42 68 97 133 180 221 277 334 394 
4 12 24 42 68 97 133 180 221 277 334 394 
4 11 23 42 66 94 133 173 218 280 328 393 
4 11 23 42 66 94 133 173 218 280 328 393 
4 11 23 42 66 94 133 173 218 280 328 393 
4 11 23 42 66 94 133 173 218 280 328 393 
4 11 23 42 66 94 133 173 218 280 328 393 
4 11 23 42 66 94 133 173 218 280 328 393 
4 11 23 42 66 94 133 173 218 280 328 393 
4 11 23 42 66 94 133 173 218 280 328 393 
4 12 24 42 68 97 133 180 221 277 334 394 
4 12 24 42 68 97 133 180 221 277 334 394 
4 12 24 42 68 97 133 180 221 277 334 394 
4 12 24 42 68 97 133 180 221 277 334 394 
4 12 24 42 68 97 133 180 221 277 334 394 
4 12 24 42 68 97 133 180 221 277 334 394 
4 12 24 42 68 97 133 180 221 277 334 394 
4 12 24 42 68 97 133 180 221 277 334 394 
4 11 23 42 66 94 133 173 218 280 328 393 
4 11 23 42 66 94 133 173 218 280 328 393 
4 11 23 42 66 94 133 173 218 280 328 393 
4 11 23 42 66 94 133 173 218 280 328 393 
4 11 23 42 66 94 133 173 218 280 328 393 
4 11 23 42 66 94 133 173 218 280 328 393 
4 11 23 42 66 94 133 173 218 280 328 393 
4 11 23 42 66 94 133 173 218 280 328 393 
4 12 24 42 68 97 133 180 221 277 334 394 
4 12 24 42 68 97 133 180 221 277 334 394 
4 12 24 42 68 97 133 180 221 277 334 394 
4 12 24 42 68 97 133 180 221 277 334 394 
4 12 24 42 68 97 133 180 221 277 334 394 
4 12 24 42 68 97 133 180 221 277 334 394 
