4 11 22 39 60 86 115 146 179 221 272 328 
4 11 22 39 60 86 115 146 179 221 272 328 
4 11 22 39 60 86 115 146 179 221 272 328 
4 11 22 39 60 86 115 146 179 221 272 328 
4 11 21 35 53 79 112 148 185 227 273 326 
4 11 21 35 53 79 112 148 185 227 273 326 
4 11 21 35 53 79 112 148 185 227 273 326 
4 11 21 35 53 79 112 148 185 227 273 326 
4 11 22 38 56 79 109 146 186 229 274 323 
4 11 22 38 56 79 109 146 186 229 274 323 
4 11 22 38 56 79 109 146 186 229 274 323 
4 11 22 38 56 79 109 146 186 229 274 323 
4 12 23 37 56 81 110 146 186 228 272 324 
4 12 23 37 56 81 110 146 186 228 272 324 
4 12 23 37 56 81 110 146 186 228 272 324 
4 12 23 37 56 81 110 146 186 228 272 324 
4 12 23 37 56 81 110 146 186 228 272 324 
4 12 23 37 56 81 110 146 186 228 272 324 
4 12 23 37 56 81 110 146 186 228 272 324 
4 12 23 37 56 81 110 146 186 228 272 324 
4 11 22 38 56 79 109 146 186 229 274 323 
4 11 22 38 56 79 109 146 186 229 274 323 
4 11 22 38 56 79 109 146 186 229 274 323 
4 11 22 38 56 79 109 146 186 229 274 323 
4 11 21 35 53 79 112 148 185 227 273 326 
4 11 21 35 53 79 112 148 185 227 273 326 
4 11 21 35 53 79 112 148 185 227 273 326 
4 11 21 35 53 79 112 148 185 227 273 326 
4 11 22 39 60 86 115 146 179 221 272 328 
4 11 22 39 60 86 115 146 179 221 272 328 
4 11 22 39 60 86 115 146 179 221 272 328 
4 11 22 39 60 86 115 146 179 221 272 328 
4 11 22 39 60 86 115 146 179 221 272 328 
4 11 22 39 60 86 115 146 179 221 272 328 
4 11 22 39 60 86 115 146 179 221 272 328 
4 11 22 39 60 86 115 146 179 221 272 328 
4 11 21 35 53 79 112 148 185 227 273 326 
4 11 21 35 53 79 112 148 185 227 273 326 
4 11 21 35 53 79 112 148 185 227 273 326 
4 11 21 35 53 79 112 148 185 227 273 326 
4 11 22 38 56 79 109 146 186 229 274 323 
4 11 22 38 56 79 109 146 186 229 274 323 
4 11 22 38 56 79 109 146 186 229 274 323 
4 11 22 38 56 79 109 146 186 229 274 323 
4 12 23 37 56 81 110 146 186 228 272 324 
4 12 23 37 56 81 110 146 186 228 272 324 
4 12 23 37 56 81 110 146 186 228 272 324 
4 12 23 37 56 81 110 146 186 228 272 324 
4 12 23 37 56 81 110 146 186 228 272 324 
4 12 23 37 56 81 110 146 186 228 272 324 
4 12 23 37 56 81 110 146 186 228 272 324 
4 12 23 37 56 81 110 146 186 228 272 324 
4 11 22 38 56 79 109 146 186 229 274 323 
4 11 22 38 56 79 109 146 186 229 274 323 
4 11 22 38 56 79 109 146 186 229 274 323 
4 11 22 38 56 79 109 146 186 229 274 323 
4 11 21 35 53 79 112 148 185 227 273 326 
4 11 21 35 53 79 112 148 185 227 273 326 
4 11 21 35 53 79 112 148 185 227 273 326 
4 11 21 35 53 79 112 148 185 227 273 326 
4 11 22 39 60 86 115 146 179 221 272 328 
4 11 22 39 60 86 115 146 179 221 272 328 
4 11 22 39 60 86 115 146 179 221 272 328 
4 11 22 39 60 86 115 146 179 221 272 328 
