4 9 16 25 39 58 79 104 130 158 195 235 
4 9 16 25 39 58 79 104 130 158 195 235 
4 9 16 25 39 61 84 102 124 158 200 244 
4 9 16 25 39 61 84 102 124 158 200 244 
4 9 17 27 40 61 85 106 132 167 202 237 
4 9 17 27 40 61 85 106 132 167 202 237 
4 10 16 25 42 61 82 108 132 156 198 244 
4 10 16 25 42 61 82 108 132 156 198 244 
4 9 16 25 39 58 79 104 130 158 195 235 
4 9 16 25 39 58 79 104 130 158 195 235 
4 9 16 25 39 58 79 104 130 158 195 235 
4 9 16 25 39 58 79 104 130 158 195 235 
4 10 16 25 42 61 82 108 132 156 198 244 
4 10 16 25 42 61 82 108 132 156 198 244 
4 9 17 27 40 61 85 106 132 167 202 237 
4 9 17 27 40 61 85 106 132 167 202 237 
4 9 16 25 39 61 84 102 124 158 200 244 
4 9 16 25 39 61 84 102 124 158 200 244 
4 9 16 25 39 58 79 104 130 158 195 235 
4 9 16 25 39 58 79 104 130 158 195 235 
4 9 16 25 39 61 84 102 124 158 200 244 
4 9 16 25 39 61 84 102 124 158 200 244 
4 9 17 27 40 61 85 106 132 167 202 237 
4 9 17 27 40 61 85 106 132 167 202 237 
4 9 16 25 39 61 84 102 124 158 200 244 
4 9 16 25 39 61 84 102 124 158 200 244 
4 9 17 27 40 61 85 106 132 167 202 237 
4 9 17 27 40 61 85 106 132 167 202 237 
4 9 16 25 39 58 79 104 130 158 195 235 
4 9 16 25 39 58 79 104 130 158 195 235 
4 9 16 25 39 61 84 102 124 158 200 244 
4 9 16 25 39 61 84 102 124 158 200 244 
4 9 17 27 40 61 85 106 132 167 202 237 
4 9 17 27 40 61 85 106 132 167 202 237 
4 10 16 25 42 61 82 108 132 156 198 244 
4 10 16 25 42 61 82 108 132 156 198 244 
4 9 16 25 39 58 79 104 130 158 195 235 
4 9 16 25 39 58 79 104 130 158 195 235 
4 9 16 25 39 58 79 104 130 158 195 235 
4 9 16 25 39 58 79 104 130 158 195 235 
4 10 16 25 42 61 82 108 132 156 198 244 
4 10 16 25 42 61 82 108 132 156 198 244 
4 9 17 27 40 61 85 106 132 167 202 237 
4 9 17 27 40 61 85 106 132 167 202 237 
4 9 16 25 39 61 84 102 124 158 200 244 
4 9 16 25 39 61 84 102 124 158 200 244 
4 9 16 25 39 58 79 104 130 158 195 235 
4 9 16 25 39 58 79 104 130 158 195 235 
4 9 17 27 40 61 85 106 132 167 202 237 
4 9 17 27 40 61 85 106 132 167 202 237 
4 9 16 25 39 61 84 102 124 158 200 244 
4 9 16 25 39 61 84 102 124 158 200 244 
4 9 17 27 40 61 85 106 132 167 202 237 
4 9 17 27 40 61 85 106 132 167 202 237 
4 9 16 25 39 61 84 102 124 158 200 244 
4 9 16 25 39 61 84 102 124 158 200 244 
