4 9 17 30 48 68 87 109 142 184 224 255 
4 9 17 30 48 68 87 109 142 184 224 255 
4 9 17 30 48 68 87 109 142 184 224 255 
4 9 17 30 48 68 87 109 142 184 224 255 
4 10 19 30 45 65 90 118 145 175 212 257 
4 10 19 30 45 65 90 118 145 175 212 257 
4 10 19 30 45 65 90 118 145 175 212 257 
4 10 19 30 45 65 90 118 145 175 212 257 
4 10 19 30 45 65 90 118 145 175 212 257 
4 10 19 30 45 65 90 118 145 175 212 257 
4 10 19 30 45 65 90 118 145 175 212 257 
4 10 19 30 45 65 90 118 145 175 212 257 
4 9 17 30 48 68 87 109 142 184 224 255 
4 9 17 30 48 68 87 109 142 184 224 255 
4 9 17 30 48 68 87 109 142 184 224 255 
4 9 17 30 48 68 87 109 142 184 224 255 
4 9 17 30 48 68 87 109 142 184 224 255 
4 9 17 30 48 68 87 109 142 184 224 255 
4 9 17 30 48 68 87 109 142 184 224 255 
4 9 17 30 48 68 87 109 142 184 224 255 
4 10 19 30 45 65 90 118 145 175 212 257 
4 10 19 30 45 65 90 118 145 175 212 257 
4 10 19 30 45 65 90 118 145 175 212 257 
4 10 19 30 45 65 90 118 145 175 212 257 
4 10 19 30 45 65 90 118 145 175 212 257 
4 10 19 30 45 65 90 118 145 175 212 257 
4 10 19 30 45 65 90 118 145 175 212 257 
4 10 19 30 45 65 90 118 145 175 212 257 
4 9 17 30 48 68 87 109 142 184 224 255 
4 9 17 30 48 68 87 109 142 184 224 255 
4 9 17 30 48 68 87 109 142 184 224 255 
4 9 17 30 48 68 87 109 142 184 224 255 
