4 9 17 29 45 63 84 112 144 177 214 256 
4 9 17 29 45 63 84 112 144 177 214 256 
4 9 17 29 45 65 88 114 144 177 214 256 
4 9 17 29 45 65 88 114 144 177 214 256 
4 9 17 29 45 63 84 112 144 177 214 256 
4 9 17 29 45 63 84 112 144 177 214 256 
4 9 17 29 45 65 88 113 143 179 215 252 
4 9 17 29 45 65 88 113 143 179 215 252 
4 9 17 29 45 65 88 113 143 179 215 252 
4 9 17 29 45 65 88 113 143 179 215 252 
4 9 17 29 45 65 88 114 144 177 214 256 
4 9 17 29 45 65 88 114 144 177 214 256 
4 9 17 29 45 65 88 114 144 177 214 256 
4 9 17 29 45 65 88 114 144 177 214 256 
4 9 17 29 45 65 88 113 143 179 215 252 
4 9 17 29 45 65 88 113 143 179 215 252 
4 9 17 29 45 65 88 113 143 179 215 252 
4 9 17 29 45 65 88 113 143 179 215 252 
4 9 17 29 45 63 84 112 144 177 214 256 
4 9 17 29 45 63 84 112 144 177 214 256 
4 9 17 29 45 65 88 114 144 177 214 256 
4 9 17 29 45 65 88 114 144 177 214 256 
4 9 17 29 45 63 84 112 144 177 214 256 
4 9 17 29 45 63 84 112 144 177 214 256 
4 9 17 29 45 63 84 112 144 177 214 256 
4 9 17 29 45 63 84 112 144 177 214 256 
4 9 17 29 45 65 88 114 144 177 214 256 
4 9 17 29 45 65 88 114 144 177 214 256 
4 9 17 29 45 63 84 112 144 177 214 256 
4 9 17 29 45 63 84 112 144 177 214 256 
4 9 17 29 45 65 88 113 143 179 215 252 
4 9 17 29 45 65 88 113 143 179 215 252 
4 9 17 29 45 65 88 113 143 179 215 252 
4 9 17 29 45 65 88 113 143 179 215 252 
4 9 17 29 45 65 88 114 144 177 214 256 
4 9 17 29 45 65 88 114 144 177 214 256 
4 9 17 29 45 65 88 114 144 177 214 256 
4 9 17 29 45 65 88 114 144 177 214 256 
4 9 17 29 45 65 88 113 143 179 215 252 
4 9 17 29 45 65 88 113 143 179 215 252 
4 9 17 29 45 65 88 113 143 179 215 252 
4 9 17 29 45 65 88 113 143 179 215 252 
4 9 17 29 45 63 84 112 144 177 214 256 
4 9 17 29 45 63 84 112 144 177 214 256 
4 9 17 29 45 65 88 114 144 177 214 256 
4 9 17 29 45 65 88 114 144 177 214 256 
4 9 17 29 45 63 84 112 144 177 214 256 
4 9 17 29 45 63 84 112 144 177 214 256 
