4 9 16 24 35 53 77 104 130 153 178 213 
4 9 16 24 35 53 77 104 130 153 178 213 
4 9 17 27 39 55 75 100 127 156 192 228 
4 9 17 27 39 55 75 100 127 156 192 228 
4 9 16 25 38 58 84 111 135 157 182 215 
4 9 16 25 38 58 84 111 135 157 182 215 
4 9 16 25 38 58 84 111 135 157 182 215 
4 9 16 25 38 58 84 111 135 157 182 215 
4 9 17 28 41 56 75 100 127 157 195 232 
4 9 17 28 41 56 75 100 127 157 195 232 
4 9 17 27 39 55 75 100 127 156 192 228 
4 9 17 27 39 55 75 100 127 156 192 228 
4 9 17 28 41 56 75 100 127 157 195 232 
4 9 17 28 41 56 75 100 127 157 195 232 
4 9 17 28 41 56 75 100 127 157 195 232 
4 9 17 28 41 56 75 100 127 157 195 232 
4 9 16 24 35 53 77 104 130 153 178 213 
4 9 16 24 35 53 77 104 130 153 178 213 
4 9 16 25 38 58 84 111 135 157 182 215 
4 9 16 25 38 58 84 111 135 157 182 215 
4 9 16 25 38 58 84 111 135 157 182 215 
4 9 16 25 38 58 84 111 135 157 182 215 
4 9 16 24 35 53 77 104 130 153 178 213 
4 9 16 24 35 53 77 104 130 153 178 213 
4 9 17 28 41 56 75 100 127 157 195 232 
4 9 17 28 41 56 75 100 127 157 195 232 
4 9 17 28 41 56 75 100 127 157 195 232 
4 9 17 28 41 56 75 100 127 157 195 232 
4 9 17 27 39 55 75 100 127 156 192 228 
4 9 17 27 39 55 75 100 127 156 192 228 
4 9 17 28 41 56 75 100 127 157 195 232 
4 9 17 28 41 56 75 100 127 157 195 232 
4 9 16 25 38 58 84 111 135 157 182 215 
4 9 16 25 38 58 84 111 135 157 182 215 
4 9 16 25 38 58 84 111 135 157 182 215 
4 9 16 25 38 58 84 111 135 157 182 215 
4 9 17 27 39 55 75 100 127 156 192 228 
4 9 17 27 39 55 75 100 127 156 192 228 
4 9 16 24 35 53 77 104 130 153 178 213 
4 9 16 24 35 53 77 104 130 153 178 213 
4 9 17 27 39 55 75 100 127 156 192 228 
4 9 17 27 39 55 75 100 127 156 192 228 
4 9 16 24 35 53 77 104 130 153 178 213 
4 9 16 24 35 53 77 104 130 153 178 213 
4 9 16 24 35 53 77 104 130 153 178 213 
4 9 16 24 35 53 77 104 130 153 178 213 
4 9 17 27 39 55 75 100 127 156 192 228 
4 9 17 27 39 55 75 100 127 156 192 228 
4 9 16 24 35 53 77 104 130 153 178 213 
4 9 16 24 35 53 77 104 130 153 178 213 
4 9 17 27 39 55 75 100 127 156 192 228 
4 9 17 27 39 55 75 100 127 156 192 228 
4 9 16 25 38 58 84 111 135 157 182 215 
4 9 16 25 38 58 84 111 135 157 182 215 
4 9 16 25 38 58 84 111 135 157 182 215 
4 9 16 25 38 58 84 111 135 157 182 215 
4 9 17 28 41 56 75 100 127 157 195 232 
4 9 17 28 41 56 75 100 127 157 195 232 
4 9 17 27 39 55 75 100 127 156 192 228 
4 9 17 27 39 55 75 100 127 156 192 228 
4 9 17 28 41 56 75 100 127 157 195 232 
4 9 17 28 41 56 75 100 127 157 195 232 
4 9 17 28 41 56 75 100 127 157 195 232 
4 9 17 28 41 56 75 100 127 157 195 232 
4 9 16 24 35 53 77 104 130 153 178 213 
4 9 16 24 35 53 77 104 130 153 178 213 
4 9 16 25 38 58 84 111 135 157 182 215 
4 9 16 25 38 58 84 111 135 157 182 215 
4 9 16 25 38 58 84 111 135 157 182 215 
4 9 16 25 38 58 84 111 135 157 182 215 
4 9 16 24 35 53 77 104 130 153 178 213 
4 9 16 24 35 53 77 104 130 153 178 213 
4 9 17 28 41 56 75 100 127 157 195 232 
4 9 17 28 41 56 75 100 127 157 195 232 
4 9 17 28 41 56 75 100 127 157 195 232 
4 9 17 28 41 56 75 100 127 157 195 232 
4 9 17 27 39 55 75 100 127 156 192 228 
4 9 17 27 39 55 75 100 127 156 192 228 
4 9 17 28 41 56 75 100 127 157 195 232 
4 9 17 28 41 56 75 100 127 157 195 232 
4 9 16 25 38 58 84 111 135 157 182 215 
4 9 16 25 38 58 84 111 135 157 182 215 
4 9 16 25 38 58 84 111 135 157 182 215 
4 9 16 25 38 58 84 111 135 157 182 215 
4 9 17 27 39 55 75 100 127 156 192 228 
4 9 17 27 39 55 75 100 127 156 192 228 
4 9 16 24 35 53 77 104 130 153 178 213 
4 9 16 24 35 53 77 104 130 153 178 213 
4 9 17 27 39 55 75 100 127 156 192 228 
4 9 17 27 39 55 75 100 127 156 192 228 
4 9 16 24 35 53 77 104 130 153 178 213 
4 9 16 24 35 53 77 104 130 153 178 213 
4 9 16 24 35 53 77 104 130 153 178 213 
4 9 16 24 35 53 77 104 130 153 178 213 
4 9 17 27 39 55 75 100 127 156 192 228 
4 9 17 27 39 55 75 100 127 156 192 228 
4 9 16 24 35 53 77 104 130 153 178 213 
4 9 16 24 35 53 77 104 130 153 178 213 
4 9 17 27 39 55 75 100 127 156 192 228 
4 9 17 27 39 55 75 100 127 156 192 228 
4 9 16 25 38 58 84 111 135 157 182 215 
4 9 16 25 38 58 84 111 135 157 182 215 
4 9 16 25 38 58 84 111 135 157 182 215 
4 9 16 25 38 58 84 111 135 157 182 215 
4 9 17 28 41 56 75 100 127 157 195 232 
4 9 17 28 41 56 75 100 127 157 195 232 
4 9 17 27 39 55 75 100 127 156 192 228 
4 9 17 27 39 55 75 100 127 156 192 228 
4 9 17 28 41 56 75 100 127 157 195 232 
4 9 17 28 41 56 75 100 127 157 195 232 
4 9 17 28 41 56 75 100 127 157 195 232 
4 9 17 28 41 56 75 100 127 157 195 232 
4 9 16 24 35 53 77 104 130 153 178 213 
4 9 16 24 35 53 77 104 130 153 178 213 
4 9 16 25 38 58 84 111 135 157 182 215 
4 9 16 25 38 58 84 111 135 157 182 215 
4 9 16 25 38 58 84 111 135 157 182 215 
4 9 16 25 38 58 84 111 135 157 182 215 
4 9 16 24 35 53 77 104 130 153 178 213 
4 9 16 24 35 53 77 104 130 153 178 213 
4 9 17 28 41 56 75 100 127 157 195 232 
4 9 17 28 41 56 75 100 127 157 195 232 
4 9 17 28 41 56 75 100 127 157 195 232 
4 9 17 28 41 56 75 100 127 157 195 232 
4 9 17 27 39 55 75 100 127 156 192 228 
4 9 17 27 39 55 75 100 127 156 192 228 
4 9 17 28 41 56 75 100 127 157 195 232 
4 9 17 28 41 56 75 100 127 157 195 232 
4 9 16 25 38 58 84 111 135 157 182 215 
4 9 16 25 38 58 84 111 135 157 182 215 
4 9 16 25 38 58 84 111 135 157 182 215 
4 9 16 25 38 58 84 111 135 157 182 215 
4 9 17 27 39 55 75 100 127 156 192 228 
4 9 17 27 39 55 75 100 127 156 192 228 
4 9 16 24 35 53 77 104 130 153 178 213 
4 9 16 24 35 53 77 104 130 153 178 213 
4 9 17 27 39 55 75 100 127 156 192 228 
4 9 17 27 39 55 75 100 127 156 192 228 
4 9 16 24 35 53 77 104 130 153 178 213 
4 9 16 24 35 53 77 104 130 153 178 213 
4 9 16 24 35 53 77 104 130 153 178 213 
4 9 16 24 35 53 77 104 130 153 178 213 
4 9 17 27 39 55 75 100 127 156 192 228 
4 9 17 27 39 55 75 100 127 156 192 228 
