4 11 23 36 59 79 114 147 183 229 287 319 
4 11 23 36 59 79 114 147 183 229 287 319 
4 11 22 39 54 84 110 145 189 234 270 328 
4 11 22 39 54 84 110 145 189 234 270 328 
4 11 22 39 54 84 110 145 189 234 270 328 
4 11 22 39 54 84 110 145 189 234 270 328 
4 11 23 36 59 79 114 147 183 229 287 319 
4 11 23 36 59 79 114 147 183 229 287 319 
4 12 20 34 56 87 115 143 176 224 287 334 
4 12 20 34 56 87 115 143 176 224 287 334 
4 11 22 38 57 80 111 148 189 228 272 324 
4 11 22 38 57 80 111 148 189 228 272 324 
4 12 20 34 56 88 115 142 177 225 283 340 
4 12 20 34 56 88 115 142 177 225 283 340 
4 11 23 37 57 82 113 150 184 228 278 335 
4 11 23 37 57 82 113 150 184 228 278 335 
4 11 19 36 55 82 113 148 181 220 276 341 
4 11 19 36 55 82 113 148 181 220 276 341 
4 11 20 31 58 86 115 142 174 225 284 337 
4 11 20 31 58 86 115 142 174 225 284 337 
4 11 20 31 58 86 115 142 174 225 284 337 
4 11 20 31 58 86 115 142 174 225 284 337 
4 11 19 36 55 82 113 148 181 220 276 341 
4 11 19 36 55 82 113 148 181 220 276 341 
4 11 23 37 57 82 113 150 184 228 278 335 
4 11 23 37 57 82 113 150 184 228 278 335 
4 12 20 34 56 88 115 142 177 225 283 340 
4 12 20 34 56 88 115 142 177 225 283 340 
4 11 22 38 57 80 111 148 189 228 272 324 
4 11 22 38 57 80 111 148 189 228 272 324 
4 12 20 34 56 87 115 143 176 224 287 334 
4 12 20 34 56 87 115 143 176 224 287 334 
