4 12 23 36 53 75 108 143 178 212 258 314 
4 12 23 36 53 75 108 143 178 212 258 314 
4 12 19 35 54 79 103 145 167 216 273 315 
4 12 19 35 54 79 103 145 167 216 273 315 
4 12 22 35 49 80 109 144 178 205 244 321 
4 12 22 35 49 80 109 144 178 205 244 321 
4 10 20 31 54 71 106 132 174 212 258 307 
4 10 20 31 54 71 106 132 174 212 258 307 
4 10 19 34 47 76 100 140 172 213 249 299 
4 10 19 34 47 76 100 140 172 213 249 299 
4 12 22 34 50 72 108 147 179 208 248 303 
4 12 22 34 50 72 108 147 179 208 248 303 
4 11 22 35 57 75 107 135 178 221 269 315 
4 11 22 35 57 75 107 135 178 221 269 315 
4 11 22 38 52 78 103 140 178 220 262 312 
4 11 22 38 52 78 103 140 178 220 262 312 
4 11 22 38 52 78 103 140 178 220 262 312 
4 11 22 38 52 78 103 140 178 220 262 312 
4 11 22 35 57 75 107 135 178 221 269 315 
4 11 22 35 57 75 107 135 178 221 269 315 
4 12 22 34 50 72 108 147 179 208 248 303 
4 12 22 34 50 72 108 147 179 208 248 303 
4 10 19 34 47 76 100 140 172 213 249 299 
4 10 19 34 47 76 100 140 172 213 249 299 
4 10 20 31 54 71 106 132 174 212 258 307 
4 10 20 31 54 71 106 132 174 212 258 307 
4 12 22 35 49 80 109 144 178 205 244 321 
4 12 22 35 49 80 109 144 178 205 244 321 
4 12 19 35 54 79 103 145 167 216 273 315 
4 12 19 35 54 79 103 145 167 216 273 315 
4 12 23 36 53 75 108 143 178 212 258 314 
4 12 23 36 53 75 108 143 178 212 258 314 
4 12 22 34 50 72 108 147 179 208 248 303 
4 12 22 34 50 72 108 147 179 208 248 303 
4 10 19 34 47 76 100 140 172 213 249 299 
4 10 19 34 47 76 100 140 172 213 249 299 
4 10 20 31 54 71 106 132 174 212 258 307 
4 10 20 31 54 71 106 132 174 212 258 307 
4 12 22 35 49 80 109 144 178 205 244 321 
4 12 22 35 49 80 109 144 178 205 244 321 
4 12 19 35 54 79 103 145 167 216 273 315 
4 12 19 35 54 79 103 145 167 216 273 315 
4 12 23 36 53 75 108 143 178 212 258 314 
4 12 23 36 53 75 108 143 178 212 258 314 
4 12 23 36 53 75 108 143 178 212 258 314 
4 12 23 36 53 75 108 143 178 212 258 314 
4 12 19 35 54 79 103 145 167 216 273 315 
4 12 19 35 54 79 103 145 167 216 273 315 
4 12 22 35 49 80 109 144 178 205 244 321 
4 12 22 35 49 80 109 144 178 205 244 321 
4 10 20 31 54 71 106 132 174 212 258 307 
4 10 20 31 54 71 106 132 174 212 258 307 
4 10 19 34 47 76 100 140 172 213 249 299 
4 10 19 34 47 76 100 140 172 213 249 299 
4 12 22 34 50 72 108 147 179 208 248 303 
4 12 22 34 50 72 108 147 179 208 248 303 
4 11 22 35 57 75 107 135 178 221 269 315 
4 11 22 35 57 75 107 135 178 221 269 315 
4 11 22 38 52 78 103 140 178 220 262 312 
4 11 22 38 52 78 103 140 178 220 262 312 
4 11 22 38 52 78 103 140 178 220 262 312 
4 11 22 38 52 78 103 140 178 220 262 312 
4 11 22 35 57 75 107 135 178 221 269 315 
4 11 22 35 57 75 107 135 178 221 269 315 
