4 10 19 34 48 76 102 139 166 205 242 299 
4 12 22 35 51 74 108 146 171 199 242 302 
4 12 22 35 51 74 108 146 171 199 242 302 
4 10 19 34 48 76 102 139 166 205 242 299 
4 10 20 31 53 73 106 130 169 206 252 297 
4 12 21 34 49 78 109 138 176 196 238 310 
4 12 23 35 52 73 106 142 176 205 246 295 
4 12 19 34 55 79 101 139 163 209 263 306 
4 11 22 38 51 76 99 135 176 220 251 296 
4 11 22 35 56 73 103 131 173 217 265 297 
4 11 22 35 56 73 103 131 173 217 265 297 
4 11 22 38 51 76 99 135 176 220 251 296 
4 12 19 34 55 79 101 139 163 209 263 306 
4 12 23 35 52 73 106 142 176 205 246 295 
4 12 21 34 49 78 109 138 176 196 238 310 
4 10 20 31 53 73 106 130 169 206 252 297 
4 10 19 34 48 76 102 139 166 205 242 299 
4 12 22 35 51 74 108 146 171 199 242 302 
4 12 22 35 51 74 108 146 171 199 242 302 
4 10 19 34 48 76 102 139 166 205 242 299 
4 10 20 31 53 73 106 130 169 206 252 297 
4 12 21 34 49 78 109 138 176 196 238 310 
4 12 23 35 52 73 106 142 176 205 246 295 
4 12 19 34 55 79 101 139 163 209 263 306 
4 11 22 38 51 76 99 135 176 220 251 296 
4 11 22 35 56 73 103 131 173 217 265 297 
4 11 22 35 56 73 103 131 173 217 265 297 
4 11 22 38 51 76 99 135 176 220 251 296 
4 12 19 34 55 79 101 139 163 209 263 306 
4 12 23 35 52 73 106 142 176 205 246 295 
4 12 21 34 49 78 109 138 176 196 238 310 
4 10 20 31 53 73 106 130 169 206 252 297 
