4 9 17 29 45 64 86 113 144 178 215 254 
4 9 17 29 45 64 86 113 144 178 215 254 
4 9 17 29 45 65 89 116 144 175 213 256 
4 9 17 29 45 65 89 116 144 175 213 256 
4 9 17 29 45 65 89 116 144 175 213 256 
4 9 17 29 45 65 89 116 144 175 213 256 
4 9 17 29 45 64 86 113 144 178 215 254 
4 9 17 29 45 64 86 113 144 178 215 254 
4 9 17 29 45 65 88 113 141 175 216 258 
4 9 17 29 45 65 88 113 141 175 216 258 
4 9 17 29 45 64 86 113 144 178 215 254 
4 9 17 29 45 64 86 113 144 178 215 254 
4 9 17 29 45 65 88 113 141 175 216 258 
4 9 17 29 45 65 88 113 141 175 216 258 
4 9 17 29 45 65 89 116 144 175 213 256 
4 9 17 29 45 65 89 116 144 175 213 256 
4 9 17 29 45 65 89 116 144 175 213 256 
4 9 17 29 45 65 89 116 144 175 213 256 
4 9 17 29 45 64 86 113 144 178 215 254 
4 9 17 29 45 64 86 113 144 178 215 254 
4 9 17 29 45 65 88 113 141 175 216 258 
4 9 17 29 45 65 88 113 141 175 216 258 
4 9 17 29 45 65 88 113 141 175 216 258 
4 9 17 29 45 65 88 113 141 175 216 258 
4 9 17 29 45 64 86 113 144 178 215 254 
4 9 17 29 45 64 86 113 144 178 215 254 
4 9 17 29 45 65 89 116 144 175 213 256 
4 9 17 29 45 65 89 116 144 175 213 256 
4 9 17 29 45 65 89 116 144 175 213 256 
4 9 17 29 45 65 89 116 144 175 213 256 
4 9 17 29 45 65 88 113 141 175 216 258 
4 9 17 29 45 65 88 113 141 175 216 258 
4 9 17 29 45 64 86 113 144 178 215 254 
4 9 17 29 45 64 86 113 144 178 215 254 
4 9 17 29 45 65 88 113 141 175 216 258 
4 9 17 29 45 65 88 113 141 175 216 258 
4 9 17 29 45 64 86 113 144 178 215 254 
4 9 17 29 45 64 86 113 144 178 215 254 
4 9 17 29 45 65 89 116 144 175 213 256 
4 9 17 29 45 65 89 116 144 175 213 256 
4 9 17 29 45 65 89 116 144 175 213 256 
4 9 17 29 45 65 89 116 144 175 213 256 
4 9 17 29 45 64 86 113 144 178 215 254 
4 9 17 29 45 64 86 113 144 178 215 254 
4 9 17 29 45 65 88 113 141 175 216 258 
4 9 17 29 45 65 88 113 141 175 216 258 
4 9 17 29 45 64 86 113 144 178 215 254 
4 9 17 29 45 64 86 113 144 178 215 254 
4 9 17 29 45 65 88 113 141 175 216 258 
4 9 17 29 45 65 88 113 141 175 216 258 
4 9 17 29 45 65 89 116 144 175 213 256 
4 9 17 29 45 65 89 116 144 175 213 256 
4 9 17 29 45 65 89 116 144 175 213 256 
4 9 17 29 45 65 89 116 144 175 213 256 
4 9 17 29 45 64 86 113 144 178 215 254 
4 9 17 29 45 64 86 113 144 178 215 254 
4 9 17 29 45 65 88 113 141 175 216 258 
4 9 17 29 45 65 88 113 141 175 216 258 
4 9 17 29 45 65 88 113 141 175 216 258 
4 9 17 29 45 65 88 113 141 175 216 258 
4 9 17 29 45 64 86 113 144 178 215 254 
4 9 17 29 45 64 86 113 144 178 215 254 
4 9 17 29 45 65 89 116 144 175 213 256 
4 9 17 29 45 65 89 116 144 175 213 256 
4 9 17 29 45 65 89 116 144 175 213 256 
4 9 17 29 45 65 89 116 144 175 213 256 
4 9 17 29 45 65 88 113 141 175 216 258 
4 9 17 29 45 65 88 113 141 175 216 258 
4 9 17 29 45 64 86 113 144 178 215 254 
4 9 17 29 45 64 86 113 144 178 215 254 
4 9 17 29 45 65 88 113 141 175 216 258 
4 9 17 29 45 65 88 113 141 175 216 258 
4 9 17 29 45 64 86 113 144 178 215 254 
4 9 17 29 45 64 86 113 144 178 215 254 
4 9 17 29 45 65 89 116 144 175 213 256 
4 9 17 29 45 65 89 116 144 175 213 256 
4 9 17 29 45 65 89 116 144 175 213 256 
4 9 17 29 45 65 89 116 144 175 213 256 
4 9 17 29 45 64 86 113 144 178 215 254 
4 9 17 29 45 64 86 113 144 178 215 254 
4 9 17 29 45 65 88 113 141 175 216 258 
4 9 17 29 45 65 88 113 141 175 216 258 
4 9 17 29 45 64 86 113 144 178 215 254 
4 9 17 29 45 64 86 113 144 178 215 254 
4 9 17 29 45 65 88 113 141 175 216 258 
4 9 17 29 45 65 88 113 141 175 216 258 
4 9 17 29 45 65 89 116 144 175 213 256 
4 9 17 29 45 65 89 116 144 175 213 256 
4 9 17 29 45 65 89 116 144 175 213 256 
4 9 17 29 45 65 89 116 144 175 213 256 
4 9 17 29 45 64 86 113 144 178 215 254 
4 9 17 29 45 64 86 113 144 178 215 254 
4 9 17 29 45 65 88 113 141 175 216 258 
4 9 17 29 45 65 88 113 141 175 216 258 
4 9 17 29 45 65 88 113 141 175 216 258 
4 9 17 29 45 65 88 113 141 175 216 258 
4 9 17 29 45 64 86 113 144 178 215 254 
4 9 17 29 45 64 86 113 144 178 215 254 
4 9 17 29 45 65 89 116 144 175 213 256 
4 9 17 29 45 65 89 116 144 175 213 256 
4 9 17 29 45 65 89 116 144 175 213 256 
4 9 17 29 45 65 89 116 144 175 213 256 
4 9 17 29 45 65 88 113 141 175 216 258 
4 9 17 29 45 65 88 113 141 175 216 258 
4 9 17 29 45 64 86 113 144 178 215 254 
4 9 17 29 45 64 86 113 144 178 215 254 
4 9 17 29 45 65 88 113 141 175 216 258 
4 9 17 29 45 65 88 113 141 175 216 258 
