4 12 24 42 61 87 128 168 205 250 300 375 
4 12 24 42 61 87 128 168 205 250 300 375 
4 11 21 37 63 86 121 152 196 258 304 360 
4 11 22 37 62 89 120 155 202 257 316 363 
4 11 22 37 62 89 120 155 202 257 316 363 
4 11 21 37 63 86 121 152 196 258 304 360 
4 12 24 42 61 87 128 168 205 250 300 375 
4 12 24 42 61 87 128 168 205 250 300 375 
4 11 21 37 63 86 121 152 196 258 304 360 
4 11 22 37 62 89 120 155 202 257 316 363 
4 11 22 37 62 89 120 155 202 257 316 363 
4 11 21 37 63 86 121 152 196 258 304 360 
4 11 23 38 62 92 113 159 210 244 306 367 
4 11 23 38 62 92 113 159 210 244 306 367 
4 11 22 37 62 89 120 155 202 257 316 363 
4 11 22 37 62 89 120 155 202 257 316 363 
4 11 21 37 63 86 121 152 196 258 304 360 
4 11 21 37 63 86 121 152 196 258 304 360 
4 12 24 42 61 87 128 168 205 250 300 375 
4 12 24 42 61 87 128 168 205 250 300 375 
4 11 23 38 62 92 113 159 210 244 306 367 
4 11 23 38 62 92 113 159 210 244 306 367 
4 11 23 38 62 92 113 159 210 244 306 367 
4 11 23 38 62 92 113 159 210 244 306 367 
4 12 24 42 61 87 128 168 205 250 300 375 
4 12 24 42 61 87 128 168 205 250 300 375 
4 11 21 37 63 86 121 152 196 258 304 360 
4 11 21 37 63 86 121 152 196 258 304 360 
4 11 22 37 62 89 120 155 202 257 316 363 
4 11 22 37 62 89 120 155 202 257 316 363 
4 11 23 38 62 92 113 159 210 244 306 367 
4 11 23 38 62 92 113 159 210 244 306 367 
4 12 24 42 61 87 128 168 205 250 300 375 
4 12 24 42 61 87 128 168 205 250 300 375 
4 11 21 37 63 86 121 152 196 258 304 360 
4 11 22 37 62 89 120 155 202 257 316 363 
4 11 22 37 62 89 120 155 202 257 316 363 
4 11 21 37 63 86 121 152 196 258 304 360 
4 12 24 42 61 87 128 168 205 250 300 375 
4 12 24 42 61 87 128 168 205 250 300 375 
4 11 21 37 63 86 121 152 196 258 304 360 
4 11 22 37 62 89 120 155 202 257 316 363 
4 11 22 37 62 89 120 155 202 257 316 363 
4 11 21 37 63 86 121 152 196 258 304 360 
4 11 23 38 62 92 113 159 210 244 306 367 
4 11 23 38 62 92 113 159 210 244 306 367 
4 11 22 37 62 89 120 155 202 257 316 363 
4 11 22 37 62 89 120 155 202 257 316 363 
4 11 21 37 63 86 121 152 196 258 304 360 
4 11 21 37 63 86 121 152 196 258 304 360 
4 12 24 42 61 87 128 168 205 250 300 375 
4 12 24 42 61 87 128 168 205 250 300 375 
4 11 23 38 62 92 113 159 210 244 306 367 
4 11 23 38 62 92 113 159 210 244 306 367 
4 11 23 38 62 92 113 159 210 244 306 367 
4 11 23 38 62 92 113 159 210 244 306 367 
4 12 24 42 61 87 128 168 205 250 300 375 
4 12 24 42 61 87 128 168 205 250 300 375 
4 11 21 37 63 86 121 152 196 258 304 360 
4 11 21 37 63 86 121 152 196 258 304 360 
4 11 22 37 62 89 120 155 202 257 316 363 
4 11 22 37 62 89 120 155 202 257 316 363 
4 11 23 38 62 92 113 159 210 244 306 367 
4 11 23 38 62 92 113 159 210 244 306 367 
