4 9 18 32 49 69 93 121 155 193 230 272 
4 9 18 32 49 69 93 121 155 193 230 272 
4 9 18 32 48 67 92 120 150 187 231 275 
4 9 18 32 48 67 92 120 150 187 231 275 
4 9 18 32 48 67 92 120 150 187 231 275 
4 9 18 32 48 67 92 120 150 187 231 275 
4 9 18 32 49 69 93 121 155 193 230 272 
4 9 18 32 49 69 93 121 155 193 230 272 
4 9 18 32 49 69 93 122 156 191 229 275 
4 9 18 32 49 69 93 122 156 191 229 275 
4 9 18 32 48 68 96 126 155 191 234 277 
4 9 18 32 48 68 96 126 155 191 234 277 
4 9 18 32 48 68 96 126 155 191 234 277 
4 9 18 32 48 68 96 126 155 191 234 277 
4 9 18 32 49 69 93 122 156 191 229 275 
4 9 18 32 49 69 93 122 156 191 229 275 
4 9 18 32 49 69 93 121 155 193 230 272 
4 9 18 32 49 69 93 121 155 193 230 272 
4 9 18 32 48 67 92 120 150 187 231 275 
4 9 18 32 48 67 92 120 150 187 231 275 
4 9 18 32 48 67 92 120 150 187 231 275 
4 9 18 32 48 67 92 120 150 187 231 275 
4 9 18 32 49 69 93 121 155 193 230 272 
4 9 18 32 49 69 93 121 155 193 230 272 
4 9 18 32 49 69 93 122 156 191 229 275 
4 9 18 32 49 69 93 122 156 191 229 275 
4 9 18 32 48 68 96 126 155 191 234 277 
4 9 18 32 48 68 96 126 155 191 234 277 
4 9 18 32 48 68 96 126 155 191 234 277 
4 9 18 32 48 68 96 126 155 191 234 277 
4 9 18 32 49 69 93 122 156 191 229 275 
4 9 18 32 49 69 93 122 156 191 229 275 
4 9 18 32 49 69 93 122 156 191 229 275 
4 9 18 32 49 69 93 122 156 191 229 275 
4 9 18 32 48 68 96 126 155 191 234 277 
4 9 18 32 48 68 96 126 155 191 234 277 
4 9 18 32 48 68 96 126 155 191 234 277 
4 9 18 32 48 68 96 126 155 191 234 277 
4 9 18 32 49 69 93 122 156 191 229 275 
4 9 18 32 49 69 93 122 156 191 229 275 
4 9 18 32 49 69 93 121 155 193 230 272 
4 9 18 32 49 69 93 121 155 193 230 272 
4 9 18 32 48 67 92 120 150 187 231 275 
4 9 18 32 48 67 92 120 150 187 231 275 
4 9 18 32 48 67 92 120 150 187 231 275 
4 9 18 32 48 67 92 120 150 187 231 275 
4 9 18 32 49 69 93 121 155 193 230 272 
4 9 18 32 49 69 93 121 155 193 230 272 
4 9 18 32 49 69 93 122 156 191 229 275 
4 9 18 32 49 69 93 122 156 191 229 275 
4 9 18 32 48 68 96 126 155 191 234 277 
4 9 18 32 48 68 96 126 155 191 234 277 
4 9 18 32 48 68 96 126 155 191 234 277 
4 9 18 32 48 68 96 126 155 191 234 277 
4 9 18 32 49 69 93 122 156 191 229 275 
4 9 18 32 49 69 93 122 156 191 229 275 
4 9 18 32 49 69 93 121 155 193 230 272 
4 9 18 32 49 69 93 121 155 193 230 272 
4 9 18 32 48 67 92 120 150 187 231 275 
4 9 18 32 48 67 92 120 150 187 231 275 
4 9 18 32 48 67 92 120 150 187 231 275 
4 9 18 32 48 67 92 120 150 187 231 275 
4 9 18 32 49 69 93 121 155 193 230 272 
4 9 18 32 49 69 93 121 155 193 230 272 
