4 9 18 34 58 84 105 129 171 224 266 305 
4 9 18 34 58 84 105 129 171 224 266 305 
4 9 18 34 58 84 105 129 171 224 266 305 
4 9 18 34 58 84 105 129 171 224 266 305 
4 12 21 33 55 81 105 142 176 210 260 315 
4 12 21 33 55 81 105 142 176 210 260 315 
4 12 21 33 55 81 105 142 176 210 260 315 
4 12 21 33 55 81 105 142 176 210 260 315 
4 9 18 34 58 84 105 129 171 224 266 305 
4 9 18 34 58 84 105 129 171 224 266 305 
4 9 18 34 58 84 105 129 171 224 266 305 
4 9 18 34 58 84 105 129 171 224 266 305 
4 9 18 34 55 78 105 139 177 212 251 307 
4 9 18 34 55 78 105 139 177 212 251 307 
4 9 18 34 55 78 105 139 177 212 251 307 
4 9 18 34 55 78 105 139 177 212 251 307 
4 12 25 36 47 74 113 146 176 213 257 305 
4 12 25 36 47 74 113 146 176 213 257 305 
4 12 25 36 47 74 113 146 176 213 257 305 
4 12 25 36 47 74 113 146 176 213 257 305 
4 9 18 34 55 78 105 139 177 212 251 307 
4 9 18 34 55 78 105 139 177 212 251 307 
4 9 18 34 55 78 105 139 177 212 251 307 
4 9 18 34 55 78 105 139 177 212 251 307 
4 9 18 34 58 84 105 129 171 224 266 305 
4 9 18 34 58 84 105 129 171 224 266 305 
4 9 18 34 58 84 105 129 171 224 266 305 
4 9 18 34 58 84 105 129 171 224 266 305 
4 12 21 33 55 81 105 142 176 210 260 315 
4 12 21 33 55 81 105 142 176 210 260 315 
4 12 21 33 55 81 105 142 176 210 260 315 
4 12 21 33 55 81 105 142 176 210 260 315 
4 9 18 34 58 84 105 129 171 224 266 305 
4 9 18 34 58 84 105 129 171 224 266 305 
4 9 18 34 58 84 105 129 171 224 266 305 
4 9 18 34 58 84 105 129 171 224 266 305 
4 9 18 34 55 78 105 139 177 212 251 307 
4 9 18 34 55 78 105 139 177 212 251 307 
4 9 18 34 55 78 105 139 177 212 251 307 
4 9 18 34 55 78 105 139 177 212 251 307 
4 12 25 36 47 74 113 146 176 213 257 305 
4 12 25 36 47 74 113 146 176 213 257 305 
4 12 25 36 47 74 113 146 176 213 257 305 
4 12 25 36 47 74 113 146 176 213 257 305 
4 9 18 34 55 78 105 139 177 212 251 307 
4 9 18 34 55 78 105 139 177 212 251 307 
4 9 18 34 55 78 105 139 177 212 251 307 
4 9 18 34 55 78 105 139 177 212 251 307 
