4 7 15 27 41 68 93 119 146 192 230 268 
4 7 15 27 41 68 93 119 146 192 230 268 
4 10 19 31 47 71 97 124 153 187 231 278 
4 10 19 31 47 71 97 124 153 187 231 278 
4 10 19 31 47 71 97 124 153 187 231 278 
4 10 19 31 47 71 97 124 153 187 231 278 
4 7 15 27 41 68 93 119 146 192 230 268 
4 7 15 27 41 68 93 119 146 192 230 268 
4 8 15 27 46 70 93 116 151 197 235 265 
4 8 15 27 46 70 93 116 151 197 235 265 
4 8 15 27 46 70 93 116 151 197 235 265 
4 8 15 27 46 70 93 116 151 197 235 265 
4 7 15 27 41 68 93 119 146 192 230 268 
4 7 15 27 41 68 93 119 146 192 230 268 
4 10 19 31 47 71 97 124 153 187 231 278 
4 10 19 31 47 71 97 124 153 187 231 278 
4 10 19 31 47 71 97 124 153 187 231 278 
4 10 19 31 47 71 97 124 153 187 231 278 
4 7 15 27 41 68 93 119 146 192 230 268 
4 7 15 27 41 68 93 119 146 192 230 268 
4 8 15 27 46 70 93 116 151 197 235 265 
4 8 15 27 46 70 93 116 151 197 235 265 
4 8 15 27 46 70 93 116 151 197 235 265 
4 8 15 27 46 70 93 116 151 197 235 265 
