4 12 22 37 55 87 120 148 180 234 294 344 
4 12 24 38 57 79 116 156 193 233 280 330 
4 12 24 44 56 78 110 158 206 234 262 336 
4 12 24 38 57 79 116 156 193 233 280 330 
4 12 22 37 55 87 120 148 180 234 294 344 
4 10 20 35 57 83 115 146 183 227 282 348 
4 10 19 35 57 84 113 147 179 229 289 337 
4 12 22 37 57 87 117 152 185 234 286 345 
4 12 20 36 59 84 115 152 183 236 286 344 
4 12 22 38 60 78 114 150 200 232 280 332 
4 12 20 36 59 84 115 152 183 236 286 344 
4 12 22 37 57 87 117 152 185 234 286 345 
4 10 19 35 57 84 113 147 179 229 289 337 
4 10 20 35 57 83 115 146 183 227 282 348 
4 12 20 36 59 84 115 152 183 236 286 344 
4 12 22 38 60 78 114 150 200 232 280 332 
4 12 20 36 59 84 115 152 183 236 286 344 
4 12 22 37 57 87 117 152 185 234 286 345 
4 10 19 35 57 84 113 147 179 229 289 337 
4 10 20 35 57 83 115 146 183 227 282 348 
4 12 22 37 55 87 120 148 180 234 294 344 
4 12 24 38 57 79 116 156 193 233 280 330 
4 12 24 44 56 78 110 158 206 234 262 336 
4 12 24 38 57 79 116 156 193 233 280 330 
4 12 22 37 55 87 120 148 180 234 294 344 
4 10 20 35 57 83 115 146 183 227 282 348 
4 10 19 35 57 84 113 147 179 229 289 337 
4 12 22 37 57 87 117 152 185 234 286 345 
