4 11 23 36 59 80 113 147 183 227 276 324 
4 11 23 36 59 80 113 147 183 227 276 324 
4 11 22 39 55 82 111 149 188 223 267 326 
4 11 22 39 55 82 111 149 188 223 267 326 
4 11 19 36 54 84 110 146 179 226 277 326 
4 12 20 34 56 88 114 143 173 224 285 332 
4 12 20 34 56 88 114 143 173 224 285 332 
4 11 20 31 58 84 117 137 174 229 285 331 
4 11 20 31 58 84 117 137 174 229 285 331 
4 12 20 34 56 88 114 143 173 224 285 332 
4 12 20 34 56 88 114 143 173 224 285 332 
4 11 19 36 54 84 110 146 179 226 277 326 
4 11 22 39 55 82 111 149 188 223 267 326 
4 11 22 39 55 82 111 149 188 223 267 326 
4 11 23 36 59 80 113 147 183 227 276 324 
4 11 23 36 59 80 113 147 183 227 276 324 
4 11 23 36 59 80 113 147 183 227 276 324 
4 11 23 36 59 80 113 147 183 227 276 324 
4 11 22 39 55 82 111 149 188 223 267 326 
4 11 22 39 55 82 111 149 188 223 267 326 
4 11 19 36 54 84 110 146 179 226 277 326 
4 12 20 34 56 88 114 143 173 224 285 332 
4 12 20 34 56 88 114 143 173 224 285 332 
4 11 20 31 58 84 117 137 174 229 285 331 
4 11 20 31 58 84 117 137 174 229 285 331 
4 12 20 34 56 88 114 143 173 224 285 332 
4 12 20 34 56 88 114 143 173 224 285 332 
4 11 19 36 54 84 110 146 179 226 277 326 
4 11 22 39 55 82 111 149 188 223 267 326 
4 11 22 39 55 82 111 149 188 223 267 326 
4 11 23 36 59 80 113 147 183 227 276 324 
4 11 23 36 59 80 113 147 183 227 276 324 
