4 11 21 37 60 78 102 142 186 219 264 317 
4 11 21 37 60 78 102 142 186 219 264 317 
4 12 20 34 55 82 109 141 174 220 269 315 
4 12 20 34 55 82 109 141 174 220 269 315 
4 9 19 36 56 79 108 141 176 220 258 310 
4 9 19 36 56 79 108 141 176 220 258 310 
4 9 19 36 56 79 108 141 176 220 258 310 
4 9 19 36 56 79 108 141 176 220 258 310 
4 12 20 34 55 82 109 141 174 220 269 315 
4 12 20 34 55 82 109 141 174 220 269 315 
4 11 21 37 60 78 102 142 186 219 264 317 
4 11 21 37 60 78 102 142 186 219 264 317 
4 11 23 36 52 80 109 141 179 222 266 313 
4 11 23 36 52 80 109 141 179 222 266 313 
4 9 19 36 57 80 106 140 182 213 257 318 
4 9 19 36 57 80 106 140 182 213 257 318 
4 10 21 36 53 76 109 141 175 218 267 318 
4 10 21 36 53 76 109 141 175 218 267 318 
4 10 21 37 56 80 105 135 178 226 267 312 
4 10 21 37 56 80 105 135 178 226 267 312 
4 10 21 37 56 80 105 135 178 226 267 312 
4 10 21 37 56 80 105 135 178 226 267 312 
4 10 21 36 53 76 109 141 175 218 267 318 
4 10 21 36 53 76 109 141 175 218 267 318 
4 9 19 36 57 80 106 140 182 213 257 318 
4 9 19 36 57 80 106 140 182 213 257 318 
4 11 23 36 52 80 109 141 179 222 266 313 
4 11 23 36 52 80 109 141 179 222 266 313 
4 11 21 37 60 78 102 142 186 219 264 317 
4 11 21 37 60 78 102 142 186 219 264 317 
4 12 20 34 55 82 109 141 174 220 269 315 
4 12 20 34 55 82 109 141 174 220 269 315 
4 9 19 36 56 79 108 141 176 220 258 310 
4 9 19 36 56 79 108 141 176 220 258 310 
4 9 19 36 56 79 108 141 176 220 258 310 
4 9 19 36 56 79 108 141 176 220 258 310 
4 12 20 34 55 82 109 141 174 220 269 315 
4 12 20 34 55 82 109 141 174 220 269 315 
4 11 21 37 60 78 102 142 186 219 264 317 
4 11 21 37 60 78 102 142 186 219 264 317 
4 11 23 36 52 80 109 141 179 222 266 313 
4 11 23 36 52 80 109 141 179 222 266 313 
4 9 19 36 57 80 106 140 182 213 257 318 
4 9 19 36 57 80 106 140 182 213 257 318 
4 10 21 36 53 76 109 141 175 218 267 318 
4 10 21 36 53 76 109 141 175 218 267 318 
4 10 21 37 56 80 105 135 178 226 267 312 
4 10 21 37 56 80 105 135 178 226 267 312 
4 10 21 37 56 80 105 135 178 226 267 312 
4 10 21 37 56 80 105 135 178 226 267 312 
4 10 21 36 53 76 109 141 175 218 267 318 
4 10 21 36 53 76 109 141 175 218 267 318 
4 9 19 36 57 80 106 140 182 213 257 318 
4 9 19 36 57 80 106 140 182 213 257 318 
4 11 23 36 52 80 109 141 179 222 266 313 
4 11 23 36 52 80 109 141 179 222 266 313 
