4 10 21 38 61 88 116 149 190 237 289 340 
4 10 21 38 61 88 116 149 190 237 289 340 
4 10 21 38 61 88 116 149 190 237 289 340 
4 10 21 38 61 88 116 149 190 237 289 340 
4 10 19 34 60 89 118 144 179 238 296 342 
4 10 19 34 60 89 118 144 179 238 296 342 
4 12 23 38 59 82 119 155 191 231 283 338 
4 12 23 38 59 82 119 155 191 231 283 338 
4 12 24 38 52 88 118 150 192 232 278 340 
4 12 24 38 52 88 118 150 192 232 278 340 
4 12 23 38 59 82 119 155 191 231 283 338 
4 12 23 38 59 82 119 155 191 231 283 338 
4 10 19 34 60 89 118 144 179 238 296 342 
4 10 19 34 60 89 118 144 179 238 296 342 
4 10 21 38 61 88 116 149 190 237 289 340 
4 10 21 38 61 88 116 149 190 237 289 340 
4 10 21 38 61 88 116 149 190 237 289 340 
4 10 21 38 61 88 116 149 190 237 289 340 
4 10 21 38 61 88 116 149 190 237 289 340 
4 10 21 38 61 88 116 149 190 237 289 340 
4 10 21 38 61 88 116 149 190 237 289 340 
4 10 21 38 61 88 116 149 190 237 289 340 
4 10 19 34 60 89 118 144 179 238 296 342 
4 10 19 34 60 89 118 144 179 238 296 342 
4 12 23 38 59 82 119 155 191 231 283 338 
4 12 23 38 59 82 119 155 191 231 283 338 
4 12 24 38 52 88 118 150 192 232 278 340 
4 12 24 38 52 88 118 150 192 232 278 340 
4 12 23 38 59 82 119 155 191 231 283 338 
4 12 23 38 59 82 119 155 191 231 283 338 
4 10 19 34 60 89 118 144 179 238 296 342 
4 10 19 34 60 89 118 144 179 238 296 342 
4 10 21 38 61 88 116 149 190 237 289 340 
4 10 21 38 61 88 116 149 190 237 289 340 
4 10 21 38 61 88 116 149 190 237 289 340 
4 10 21 38 61 88 116 149 190 237 289 340 
