4 10 21 36 53 76 108 142 173 210 259 310 
4 10 21 36 53 76 108 142 173 210 259 310 
4 10 21 36 53 76 108 142 173 210 259 310 
4 10 21 36 53 76 108 142 173 210 259 310 
4 10 21 36 53 76 108 142 173 210 259 310 
4 10 21 36 53 76 108 142 173 210 259 310 
4 10 21 36 53 76 108 142 173 210 259 310 
4 10 21 36 53 76 108 142 173 210 259 310 
4 9 19 35 55 77 102 135 173 214 259 307 
4 10 20 35 56 80 105 135 174 217 259 306 
4 10 20 35 56 80 105 135 174 217 259 306 
4 9 19 35 55 77 102 135 173 214 259 307 
4 9 19 35 55 77 102 135 173 214 259 307 
4 10 20 35 56 80 105 135 174 217 259 306 
4 10 20 35 56 80 105 135 174 217 259 306 
4 9 19 35 55 77 102 135 173 214 259 307 
4 9 19 35 55 77 102 135 173 214 259 307 
4 10 20 35 56 80 105 135 174 217 259 306 
4 10 20 35 56 80 105 135 174 217 259 306 
4 9 19 35 55 77 102 135 173 214 259 307 
4 9 19 35 55 77 102 135 173 214 259 307 
4 10 20 35 56 80 105 135 174 217 259 306 
4 10 20 35 56 80 105 135 174 217 259 306 
4 9 19 35 55 77 102 135 173 214 259 307 
4 10 21 36 53 76 108 142 173 210 259 310 
4 10 21 36 53 76 108 142 173 210 259 310 
4 10 21 36 53 76 108 142 173 210 259 310 
4 10 21 36 53 76 108 142 173 210 259 310 
4 10 21 36 53 76 108 142 173 210 259 310 
4 10 21 36 53 76 108 142 173 210 259 310 
4 10 21 36 53 76 108 142 173 210 259 310 
4 10 21 36 53 76 108 142 173 210 259 310 
4 9 19 35 55 77 102 135 173 214 259 307 
4 10 20 35 56 80 105 135 174 217 259 306 
4 10 20 35 56 80 105 135 174 217 259 306 
4 9 19 35 55 77 102 135 173 214 259 307 
4 9 19 35 55 77 102 135 173 214 259 307 
4 10 20 35 56 80 105 135 174 217 259 306 
4 10 20 35 56 80 105 135 174 217 259 306 
4 9 19 35 55 77 102 135 173 214 259 307 
4 9 19 35 55 77 102 135 173 214 259 307 
4 10 20 35 56 80 105 135 174 217 259 306 
4 10 20 35 56 80 105 135 174 217 259 306 
4 9 19 35 55 77 102 135 173 214 259 307 
4 9 19 35 55 77 102 135 173 214 259 307 
4 10 20 35 56 80 105 135 174 217 259 306 
4 10 20 35 56 80 105 135 174 217 259 306 
4 9 19 35 55 77 102 135 173 214 259 307 
