4 10 19 31 46 64 91 123 156 194 231 271 
4 10 19 31 46 64 91 123 156 194 231 271 
4 10 19 31 46 64 91 123 156 194 231 271 
4 10 19 31 46 64 91 123 156 194 231 271 
4 10 19 31 46 64 91 123 156 194 231 271 
4 10 19 31 46 64 91 123 156 194 231 271 
4 10 19 31 46 64 91 123 156 194 231 271 
4 10 19 31 46 64 91 123 156 194 231 271 
4 9 18 33 51 71 97 124 153 195 241 283 
4 9 18 33 51 71 97 124 153 195 241 283 
4 10 19 31 46 64 91 123 156 194 231 271 
4 10 19 31 46 64 91 123 156 194 231 271 
4 10 19 30 50 70 93 124 155 196 230 280 
4 10 19 30 50 70 93 124 155 196 230 280 
4 10 19 31 46 64 91 123 156 194 231 271 
4 10 19 31 46 64 91 123 156 194 231 271 
4 9 18 33 51 71 97 124 153 195 241 283 
4 9 18 33 51 71 97 124 153 195 241 283 
4 9 18 33 51 71 97 124 153 195 241 283 
4 9 18 33 51 71 97 124 153 195 241 283 
4 10 19 30 50 70 93 124 155 196 230 280 
4 10 19 30 50 70 93 124 155 196 230 280 
4 10 19 30 50 70 93 124 155 196 230 280 
4 10 19 30 50 70 93 124 155 196 230 280 
4 9 18 33 51 71 97 124 153 195 241 283 
4 9 18 33 51 71 97 124 153 195 241 283 
4 10 19 31 46 64 91 123 156 194 231 271 
4 10 19 31 46 64 91 123 156 194 231 271 
4 10 19 30 50 70 93 124 155 196 230 280 
4 10 19 30 50 70 93 124 155 196 230 280 
4 10 19 31 46 64 91 123 156 194 231 271 
4 10 19 31 46 64 91 123 156 194 231 271 
4 10 19 31 46 64 91 123 156 194 231 271 
4 10 19 31 46 64 91 123 156 194 231 271 
4 10 19 31 46 64 91 123 156 194 231 271 
4 10 19 31 46 64 91 123 156 194 231 271 
4 10 19 31 46 64 91 123 156 194 231 271 
4 10 19 31 46 64 91 123 156 194 231 271 
4 10 19 31 46 64 91 123 156 194 231 271 
4 10 19 31 46 64 91 123 156 194 231 271 
4 10 19 30 50 70 93 124 155 196 230 280 
4 10 19 30 50 70 93 124 155 196 230 280 
4 10 19 31 46 64 91 123 156 194 231 271 
4 10 19 31 46 64 91 123 156 194 231 271 
4 9 18 33 51 71 97 124 153 195 241 283 
4 9 18 33 51 71 97 124 153 195 241 283 
4 10 19 31 46 64 91 123 156 194 231 271 
4 10 19 31 46 64 91 123 156 194 231 271 
4 10 19 30 50 70 93 124 155 196 230 280 
4 10 19 30 50 70 93 124 155 196 230 280 
4 10 19 30 50 70 93 124 155 196 230 280 
4 10 19 30 50 70 93 124 155 196 230 280 
4 9 18 33 51 71 97 124 153 195 241 283 
4 9 18 33 51 71 97 124 153 195 241 283 
4 9 18 33 51 71 97 124 153 195 241 283 
4 9 18 33 51 71 97 124 153 195 241 283 
4 10 19 30 50 70 93 124 155 196 230 280 
4 10 19 30 50 70 93 124 155 196 230 280 
4 10 19 31 46 64 91 123 156 194 231 271 
4 10 19 31 46 64 91 123 156 194 231 271 
4 9 18 33 51 71 97 124 153 195 241 283 
4 9 18 33 51 71 97 124 153 195 241 283 
4 10 19 31 46 64 91 123 156 194 231 271 
4 10 19 31 46 64 91 123 156 194 231 271 
