4 9 19 35 51 69 97 131 164 197 236 287 
4 9 19 34 49 69 100 133 162 195 238 288 
4 9 19 34 49 69 100 133 162 195 238 288 
4 9 19 35 51 69 97 131 164 197 236 287 
4 9 19 35 51 69 97 131 164 197 236 287 
4 9 19 34 49 69 100 133 162 195 238 288 
4 9 19 34 49 69 100 133 162 195 238 288 
4 9 19 35 51 69 97 131 164 197 236 287 
4 12 18 28 52 82 100 120 162 208 244 274 
4 12 18 26 52 80 88 110 162 214 244 268 
4 12 18 28 52 82 100 120 162 208 244 274 
4 12 18 26 52 80 88 110 162 214 244 268 
4 9 19 35 51 69 97 131 164 197 236 287 
4 9 19 34 49 69 100 133 162 195 238 288 
4 9 19 34 49 69 100 133 162 195 238 288 
4 9 19 35 51 69 97 131 164 197 236 287 
4 9 19 35 51 69 97 131 164 197 236 287 
4 9 19 34 49 69 100 133 162 195 238 288 
4 9 19 34 49 69 100 133 162 195 238 288 
4 9 19 35 51 69 97 131 164 197 236 287 
4 9 19 34 49 69 100 133 162 195 238 288 
4 9 19 35 51 69 97 131 164 197 236 287 
4 9 19 35 51 69 97 131 164 197 236 287 
4 9 19 34 49 69 100 133 162 195 238 288 
4 12 18 28 52 82 100 120 162 208 244 274 
4 12 18 26 52 80 88 110 162 214 244 268 
4 12 18 28 52 82 100 120 162 208 244 274 
4 12 18 26 52 80 88 110 162 214 244 268 
4 9 19 34 49 69 100 133 162 195 238 288 
4 9 19 35 51 69 97 131 164 197 236 287 
4 9 19 35 51 69 97 131 164 197 236 287 
4 9 19 34 49 69 100 133 162 195 238 288 
4 9 19 34 49 69 100 133 162 195 238 288 
4 9 19 35 51 69 97 131 164 197 236 287 
4 9 19 35 51 69 97 131 164 197 236 287 
4 9 19 34 49 69 100 133 162 195 238 288 
4 9 19 34 49 69 100 133 162 195 238 288 
4 9 19 35 51 69 97 131 164 197 236 287 
4 9 19 35 51 69 97 131 164 197 236 287 
4 9 19 34 49 69 100 133 162 195 238 288 
