4 9 18 29 44 68 92 116 144 173 214 267 
4 9 17 26 41 65 85 108 145 181 213 252 
4 9 18 29 44 68 92 116 144 173 214 267 
4 9 17 26 41 65 85 108 145 181 213 252 
4 10 17 27 46 70 94 112 134 181 230 259 
4 9 15 26 43 61 86 114 139 174 217 260 
4 10 17 27 46 70 94 112 134 181 230 259 
4 9 15 26 43 61 86 114 139 174 217 260 
4 10 17 27 46 70 94 112 134 181 230 259 
4 9 15 26 43 61 86 114 139 174 217 260 
4 10 17 27 46 70 94 112 134 181 230 259 
4 9 15 26 43 61 86 114 139 174 217 260 
4 9 18 29 44 68 92 116 144 173 214 267 
4 9 17 26 41 65 85 108 145 181 213 252 
4 9 18 29 44 68 92 116 144 173 214 267 
4 9 17 26 41 65 85 108 145 181 213 252 
4 10 19 32 47 60 84 122 153 177 209 255 
4 10 19 32 47 60 84 122 153 177 209 255 
4 10 19 32 47 60 84 122 153 177 209 255 
4 10 19 32 47 60 84 122 153 177 209 255 
4 9 18 29 44 68 92 116 144 173 214 267 
4 9 17 26 41 65 85 108 145 181 213 252 
4 9 18 29 44 68 92 116 144 173 214 267 
4 9 17 26 41 65 85 108 145 181 213 252 
4 10 17 27 46 70 94 112 134 181 230 259 
4 9 15 26 43 61 86 114 139 174 217 260 
4 10 17 27 46 70 94 112 134 181 230 259 
4 9 15 26 43 61 86 114 139 174 217 260 
4 10 17 27 46 70 94 112 134 181 230 259 
4 9 15 26 43 61 86 114 139 174 217 260 
4 10 17 27 46 70 94 112 134 181 230 259 
4 9 15 26 43 61 86 114 139 174 217 260 
4 9 18 29 44 68 92 116 144 173 214 267 
4 9 17 26 41 65 85 108 145 181 213 252 
4 9 18 29 44 68 92 116 144 173 214 267 
4 9 17 26 41 65 85 108 145 181 213 252 
4 10 19 32 47 60 84 122 153 177 209 255 
4 10 19 32 47 60 84 122 153 177 209 255 
4 10 19 32 47 60 84 122 153 177 209 255 
4 10 19 32 47 60 84 122 153 177 209 255 
