4 12 20 31 53 76 104 140 170 212 255 315 
4 12 20 31 53 76 104 140 170 212 255 315 
4 9 18 32 53 79 105 130 166 220 263 311 
4 9 18 32 53 79 105 130 166 220 263 311 
4 9 18 32 53 80 104 129 171 217 264 308 
4 9 18 32 53 80 104 129 171 217 264 308 
4 9 18 32 53 80 104 129 171 217 264 308 
4 9 18 32 53 80 104 129 171 217 264 308 
4 9 18 32 53 79 105 130 166 220 263 311 
4 9 18 32 53 79 105 130 166 220 263 311 
4 12 20 31 53 76 104 140 170 212 255 315 
4 12 20 31 53 76 104 140 170 212 255 315 
4 12 22 33 52 76 107 144 173 208 259 311 
4 12 22 33 52 76 107 144 173 208 259 311 
4 12 20 28 51 73 100 144 172 208 256 287 
4 12 22 30 49 73 106 145 179 199 250 315 
4 12 21 34 48 73 106 140 176 208 255 310 
4 12 21 34 48 73 106 140 176 208 255 310 
4 12 21 34 49 71 102 139 183 215 251 298 
4 12 21 34 49 71 102 139 183 215 251 298 
4 12 20 34 48 68 107 141 178 211 242 298 
4 12 22 34 49 73 102 144 181 213 246 306 
4 12 22 34 49 73 102 144 181 213 246 306 
4 12 24 34 46 71 107 147 176 215 249 300 
4 12 20 36 50 67 102 145 178 223 252 284 
4 12 20 36 50 67 102 145 178 223 252 284 
4 12 24 34 46 71 107 147 176 215 249 300 
4 12 22 34 49 73 102 144 181 213 246 306 
4 12 22 34 49 73 102 144 181 213 246 306 
4 12 20 34 48 68 107 141 178 211 242 298 
4 12 21 34 49 71 102 139 183 215 251 298 
4 12 21 34 49 71 102 139 183 215 251 298 
4 12 21 34 48 73 106 140 176 208 255 310 
4 12 21 34 48 73 106 140 176 208 255 310 
4 12 22 30 49 73 106 145 179 199 250 315 
4 12 20 28 51 73 100 144 172 208 256 287 
4 12 22 33 52 76 107 144 173 208 259 311 
4 12 22 33 52 76 107 144 173 208 259 311 
4 12 20 31 53 76 104 140 170 212 255 315 
4 12 20 31 53 76 104 140 170 212 255 315 
4 9 18 32 53 79 105 130 166 220 263 311 
4 9 18 32 53 79 105 130 166 220 263 311 
4 9 18 32 53 80 104 129 171 217 264 308 
4 9 18 32 53 80 104 129 171 217 264 308 
4 9 18 32 53 80 104 129 171 217 264 308 
4 9 18 32 53 80 104 129 171 217 264 308 
4 9 18 32 53 79 105 130 166 220 263 311 
4 9 18 32 53 79 105 130 166 220 263 311 
4 12 20 31 53 76 104 140 170 212 255 315 
4 12 20 31 53 76 104 140 170 212 255 315 
4 12 22 33 52 76 107 144 173 208 259 311 
4 12 22 33 52 76 107 144 173 208 259 311 
4 12 20 28 51 73 100 144 172 208 256 287 
4 12 22 30 49 73 106 145 179 199 250 315 
4 12 21 34 48 73 106 140 176 208 255 310 
4 12 21 34 48 73 106 140 176 208 255 310 
4 12 21 34 49 71 102 139 183 215 251 298 
4 12 21 34 49 71 102 139 183 215 251 298 
4 12 20 34 48 68 107 141 178 211 242 298 
4 12 22 34 49 73 102 144 181 213 246 306 
4 12 22 34 49 73 102 144 181 213 246 306 
4 12 24 34 46 71 107 147 176 215 249 300 
4 12 20 36 50 67 102 145 178 223 252 284 
4 12 20 36 50 67 102 145 178 223 252 284 
4 12 24 34 46 71 107 147 176 215 249 300 
4 12 22 34 49 73 102 144 181 213 246 306 
4 12 22 34 49 73 102 144 181 213 246 306 
4 12 20 34 48 68 107 141 178 211 242 298 
4 12 21 34 49 71 102 139 183 215 251 298 
4 12 21 34 49 71 102 139 183 215 251 298 
4 12 21 34 48 73 106 140 176 208 255 310 
4 12 21 34 48 73 106 140 176 208 255 310 
4 12 22 30 49 73 106 145 179 199 250 315 
4 12 20 28 51 73 100 144 172 208 256 287 
4 12 22 33 52 76 107 144 173 208 259 311 
4 12 22 33 52 76 107 144 173 208 259 311 
