4 12 23 43 68 94 125 172 226 269 314 384 
4 12 24 41 65 95 128 169 218 270 323 374 
4 12 26 41 65 94 130 169 218 269 321 381 
4 12 24 39 61 93 133 179 209 246 311 404 
4 12 26 41 65 94 130 169 218 269 321 381 
4 12 24 41 65 95 128 169 218 270 323 374 
4 12 23 43 68 94 125 172 226 269 314 384 
4 12 23 43 68 94 125 172 226 269 314 384 
4 12 24 41 65 95 128 169 218 270 323 374 
4 12 26 41 65 94 130 169 218 269 321 381 
4 12 24 39 61 93 133 179 209 246 311 404 
4 12 26 41 65 94 130 169 218 269 321 381 
4 12 24 41 65 95 128 169 218 270 323 374 
4 12 23 43 68 94 125 172 226 269 314 384 
4 12 24 39 61 93 133 179 209 246 311 404 
4 12 28 38 60 98 152 182 200 246 332 422 
4 12 24 39 61 93 133 179 209 246 311 404 
