4 11 20 31 44 61 82 108 139 174 209 246 
4 11 20 31 44 61 82 108 139 174 209 246 
4 11 20 31 44 61 82 108 139 174 209 246 
4 11 20 31 44 61 82 108 139 174 209 246 
4 11 20 31 44 61 82 108 139 174 209 246 
4 11 20 31 44 61 82 108 139 174 209 246 
4 11 20 31 44 61 82 108 139 174 209 246 
4 11 20 31 44 61 82 108 139 174 209 246 
4 11 20 31 44 61 82 108 139 174 209 246 
4 11 20 31 44 61 82 108 139 174 209 246 
4 11 20 31 44 61 82 108 139 174 209 246 
4 11 20 31 44 61 82 108 139 174 209 246 
4 10 18 30 44 60 80 106 135 168 207 248 
4 10 18 30 44 60 80 106 135 168 207 248 
4 10 18 30 44 60 80 106 135 168 207 248 
4 10 18 30 44 60 80 106 135 168 207 248 
4 10 18 30 44 60 80 106 135 168 207 248 
4 10 18 30 44 60 80 106 135 168 207 248 
4 10 18 30 44 60 80 106 135 168 207 248 
4 10 18 30 44 60 80 106 135 168 207 248 
4 11 20 31 44 61 82 108 139 174 209 246 
4 11 20 31 44 61 82 108 139 174 209 246 
4 11 20 31 44 61 82 108 139 174 209 246 
4 11 20 31 44 61 82 108 139 174 209 246 
4 11 20 31 44 61 82 108 139 174 209 246 
4 11 20 31 44 61 82 108 139 174 209 246 
4 11 20 31 44 61 82 108 139 174 209 246 
4 11 20 31 44 61 82 108 139 174 209 246 
4 11 20 31 44 61 82 108 139 174 209 246 
4 11 20 31 44 61 82 108 139 174 209 246 
4 11 20 31 44 61 82 108 139 174 209 246 
4 11 20 31 44 61 82 108 139 174 209 246 
4 10 18 30 44 60 80 106 135 168 207 248 
4 10 18 30 44 60 80 106 135 168 207 248 
4 10 18 30 44 60 80 106 135 168 207 248 
4 10 18 30 44 60 80 106 135 168 207 248 
