4 9 17 32 53 74 98 128 165 208 250 293 
4 9 17 32 53 74 98 128 165 208 250 293 
4 9 17 32 53 74 98 128 165 208 250 293 
4 9 17 32 53 74 98 128 165 208 250 293 
4 9 17 32 53 74 98 128 165 208 250 293 
4 9 17 32 53 74 98 128 165 208 250 293 
4 9 17 32 53 74 98 128 165 208 250 293 
4 9 17 32 53 74 98 128 165 208 250 293 
4 10 18 33 57 77 95 129 172 209 248 292 
4 10 18 33 57 77 95 129 172 209 248 292 
4 9 19 33 53 78 100 126 166 213 250 287 
4 9 19 33 53 78 100 126 166 213 250 287 
4 10 21 34 47 72 108 136 162 200 247 300 
4 10 21 34 47 72 108 136 162 200 247 300 
4 10 21 34 47 72 108 136 162 200 247 300 
4 10 21 34 47 72 108 136 162 200 247 300 
4 9 19 33 53 78 100 126 166 213 250 287 
4 9 19 33 53 78 100 126 166 213 250 287 
4 10 18 33 57 77 95 129 172 209 248 292 
4 10 18 33 57 77 95 129 172 209 248 292 
4 9 19 33 53 78 100 126 166 213 250 287 
4 9 19 33 53 78 100 126 166 213 250 287 
4 10 18 33 57 77 95 129 172 209 248 292 
4 10 18 33 57 77 95 129 172 209 248 292 
4 10 18 33 57 77 95 129 172 209 248 292 
4 10 18 33 57 77 95 129 172 209 248 292 
4 9 19 33 53 78 100 126 166 213 250 287 
4 9 19 33 53 78 100 126 166 213 250 287 
4 10 21 34 47 72 108 136 162 200 247 300 
4 10 21 34 47 72 108 136 162 200 247 300 
4 10 21 34 47 72 108 136 162 200 247 300 
4 10 21 34 47 72 108 136 162 200 247 300 
