Protocol Work (kJ/mol)
0 -546.936
1 -542.721
2 -546.318
3 -539.638
4 -543.467
5 -549.792
6 -557.002
7 -546.291
8 -526.687
9 -547.839
10 -551.695
11 -539.108
12 -546.336
13 -535.346
14 -535.86
15 -531.917
16 -547.132
17 -525.565
18 -546.367
19 -546.145
20 -549.244
21 -544.63
22 -542.212
23 -552.142
24 -537.27
25 -545.717
26 -555.279
27 -542.557
28 -533.804
29 -539.485
30 -521.522
31 -544.424
32 -536.879
33 -537.003
34 -545.746
35 -546.17
36 -554.077
37 -534.866
38 -541.684
39 -552.275
40 -550.649
41 -542.018
42 -540.455
43 -550.755
44 -533.239
45 -541.415
46 -536.92
47 -540.896
48 -528.11
49 -538.973
50 -538.1
51 -549.536
52 -538.361
53 -544.269
54 -539.867
55 -542.276
56 -538.935
57 -537.775
58 -542.497
59 -551.593
60 -540.5
61 -553.104
62 -554.405
63 -548.132
64 -540.72
65 -539.273
66 -523.333
67 -544.684
68 -550.719
69 -531.602
70 -549.258
71 -533.226
72 -546.553
73 -546.811
74 -544.098
75 -540.93
76 -549.214
77 -533.573
78 -525.032
79 -553.538
80 -545.335
81 -536.845
82 -555.542
83 -545.758
84 -547.347
85 -547.706
86 -536.223
87 -546.142
88 -533.704
89 -545.63
90 -535.011
91 -538.047
92 -538.368
93 -534.319
94 -541.079
95 -537.974
96 -546.964
97 -549.074
98 -541.287
99 -548.381
100 -548.488
101 -538.011
102 -537.323
103 -541.988
104 -526.114
105 -552.99
106 -554.783
107 -544.165
108 -544.598
109 -541.808
110 -531.493
111 -547.338
112 -560.855
113 -536.567
114 -537.599
115 -535.434
116 -536.798
117 -546.965
118 -553.527
119 -544.804
120 -546.894
121 -545.993
122 -528.756
123 -532.221
124 -547.507
125 -545.533
126 -535.527
127 -541.376
128 -536.307
129 -543.716
130 -545.118
131 -551.635
132 -547.035
133 -546.825
134 -551.102
135 -532.179
136 -535.264
137 -532.573
138 -528.585
139 -546.827
140 -544.129
141 -549.041
142 -545.061
143 -540.276
144 -531.221
145 -534.788
146 -551.184
147 -555.889
148 -544.604
149 -539.741
150 -550.291
151 -528.208
152 -538.81
153 -563.18
154 -543.467
155 -531.802
156 -548.194
157 -550.858
158 -539.602
159 -538.466
160 -539.533
161 -532.987
162 -537.086
163 -544.048
164 -547.923
165 -555.504
166 -542.382
167 -544.316
168 -537.441
169 -544.546
170 -535.744
171 -534.039
172 -530.967
173 -539.556
174 -542.059
175 -540.386
176 -540.815
177 -538.854
178 -537.1
179 -547.99
180 -538.548
181 -540.523
182 -539.765
183 -532.619
184 -544.635
185 -539.719
186 -544.387
187 -546.12
188 -542.084
189 -534.382
190 -544.623
191 -535.71
192 -539.338
193 -533.158
194 -533.939
195 -546.516
196 -541.855
197 -555.011
198 -559.497
199 -534.652
200 -551.906
201 -540.559
202 -550.464
203 -541.42
204 -530.422
205 -541.575
206 -524.64
207 -537.531
208 -554.295
209 -547.606
210 -550.445
211 -550.834
212 -545.322
213 -537.834
214 -548.906
215 -553.076
216 -542.884
217 -539.687
218 -538.38
219 -541.49
220 -535.013
221 -549.651
222 -544.734
223 -545.126
224 -532.384
225 -553.001
226 -537.103
227 -546.828
228 -551.995
229 -541.114
230 -538.48
231 -544.791
232 -542.445
233 -549.586
234 -544.761
235 -544.838
236 -558.435
237 -537.491
238 -546.832
239 -544.99
240 -544.91
241 -537.137
242 -534.41
243 -553.066
244 -543.115
245 -549.078
246 -537.892
247 -534.72
248 -540.727
249 -555.305
250 -534.903
251 -539.517
252 -532.884
253 -543.935
254 -546.748
255 -553.196
256 -536.413
257 -538.909
258 -537.556
259 -529.809
260 -541.227
261 -539.68
262 -545.071
263 -544.246
264 -542.444
265 -548.575
266 -555.612
267 -540.442
268 -538.565
269 -535.752
270 -536.638
271 -532.257
272 -552.965
273 -534.374
274 -535.762
275 -538.339
276 -542.391
277 -537.1
278 -540.435
279 -541.529
280 -552.538
281 -553.79
282 -553.514
283 -528.353
284 -541.36
285 -531.716
286 -548.454
287 -557.768
288 -541.797
289 -537.557
290 -556.301
291 -536.088
292 -540.714
293 -546.806
294 -551.885
295 -561.371
296 -541.27
297 -543.751
298 -543.116
299 -545.576
300 -535.572
301 -542.151
302 -545.872
303 -550.697
304 -537.809
305 -537.951
306 -554.256
307 -539.821
308 -556.124
309 -520.074
310 -546.099
311 -536.069
312 -541.628
313 -531.392
314 -531.18
315 -532.492
316 -533.177
317 -541.727
318 -536.948
319 -539.458
320 -546.693
321 -549.246
322 -550.84
323 -545.13
324 -545.852
325 -541.645
326 -533.066
327 -531.14
328 -536.713
329 -550.248
330 -534.955
331 -537.99
332 -543.14
333 -539.331
334 -551.048
335 -540.67
336 -542.343
337 -548.609
338 -540.888
339 -532.536
340 -524.372
341 -534.981
342 -544.286
343 -554.185
344 -545.264
345 -545.947
346 -547.475
347 -534.994
348 -552.119
349 -533.721
350 -558.693
351 -535.295
352 -543.113
353 -536.233
354 -544.711
355 -538.237
356 -544.504
357 -545.572
358 -538.913
359 -549.67
360 -546.376
361 -536.506
362 -550.639
363 -530.465
364 -540.071
365 -531.609
366 -551.727
367 -532.886
368 -533.923
369 -544.023
370 -549.107
371 -550.017
372 -534.398
373 -534.244
374 -549.659
375 -545.284
376 -541.864
377 -555.724
378 -532.1
379 -537.354
380 -547.622
381 -544.672
382 -536.495
383 -547.761
384 -534.69
385 -533.492
386 -542.48
387 -539.059
388 -528.406
389 -560.989
390 -544.608
391 -548.357
392 -541.042
393 -540.682
394 -547.489
395 -542.223
396 -541.059
397 -546.132
398 -536.875
399 -549.188
400 -554.161
401 -541.608
402 -543.441
403 -540.845
404 -552.462
405 -540.583
406 -551.292
407 -536.088
408 -546.966
409 -542.154
410 -550.98
411 -549.544
412 -538.943
413 -535.726
414 -525.991
415 -543.274
416 -555.964
417 -553.884
418 -546.195
419 -548.175
420 -547.948
421 -543.993
422 -543.089
423 -537.96
424 -551.39
425 -538.692
426 -541.494
427 -533.465
428 -538.809
429 -548.898
430 -542.886
431 -533.205
432 -541.919
433 -551.56
434 -528.109
435 -548.04
436 -527.686
437 -545.494
438 -544.132
439 -534.075
440 -551.632
441 -537.177
442 -548.16
443 -536.678
444 -556.011
445 -531.175
446 -543.003
447 -534.765
448 -548.281
449 -547.399
450 -550.623
451 -539.266
452 -540.707
453 -546.812
454 -543.517
455 -542.451
456 -556.355
457 -545.81
458 -532.748
459 -537.756
460 -532.325
461 -551.242
462 -535.823
463 -540.211
464 -539.323
465 -527.352
466 -534.877
467 -537.772
468 -533.934
469 -536.068
470 -544.989
471 -539.403
472 -544.127
473 -541.49
474 -539.849
475 -547.7
476 -554.272
477 -539.214
478 -554.788
479 -539.246
480 -542.034
481 -542.23
482 -553.648
483 -543.667
484 -543.204
485 -540.716
486 -542.579
487 -543.567
488 -552.664
489 -541.893
490 -552.01
491 -533.791
492 -545.188
493 -551.717
494 -556.216
495 -545.134
496 -533.011
497 -546.998
498 -526.835
499 -520.463
500 -546.767
501 -539.22
502 -547.717
503 -546.475
504 -549.529
505 -546.224
506 -552.427
507 -526.515
508 -530.047
509 -536.639
510 -537.094
511 -542.785
512 -536.725
513 -545.232
514 -528.282
515 -539.965
516 -531.137
517 -541.635
518 -529.567
519 -532.202
520 -539.326
521 -557.24
522 -549.681
523 -538.05
524 -537.979
525 -537.925
526 -550.754
527 -547.603
528 -526.831
529 -546.111
530 -536.382
531 -552.665
532 -544.404
533 -548.288
534 -528.666
535 -537.344
536 -539.984
537 -540.21
538 -553.355
539 -552.651
540 -544.398
541 -540.249
542 -545.415
543 -543.514
544 -540.098
545 -543.475
546 -538.061
547 -531.408
548 -547.131
549 -540.817
550 -546.724
551 -541.269
552 -541.542
553 -543.527
554 -550.333
555 -553.104
556 -532.88
557 -539.057
558 -540.274
559 -545.234
560 -535.072
561 -546.662
562 -532.868
563 -541.47
564 -554.792
565 -545.657
566 -556.664
567 -544.216
568 -533.773
569 -544.532
570 -554.496
571 -550.167
572 -537.036
573 -552.12
574 -544.766
575 -541.794
576 -533.743
577 -530.689
578 -553.17
579 -553.884
580 -534.623
581 -549.399
582 -543.66
583 -540.017
584 -539.923
585 -539.963
586 -543.297
587 -546.359
588 -538.856
589 -528.446
590 -544.172
591 -534.879
592 -560.638
593 -539.491
594 -545.404
595 -538.685
596 -552.059
597 -540.926
598 -528.947
599 -545.867
600 -558.08
601 -548.202
602 -548.018
603 -541.363
604 -542.651
605 -548.299
606 -557.814
607 -558.897
608 -539.601
609 -539.643
610 -540.223
611 -529.88
612 -535.692
613 -539.258
614 -542.353
615 -548.453
616 -538.607
617 -541.641
618 -549.427
619 -542.259
620 -530.206
621 -546.117
622 -542.876
623 -542.873
624 -536.873
625 -538.864
626 -543.312
627 -542.204
628 -551.286
629 -545.64
630 -529.206
631 -535.635
632 -549.529
633 -538.515
634 -552.387
635 -536.8
636 -547.011
637 -548.702
638 -537.666
639 -535.301
640 -550.687
641 -542.756
642 -543.898
643 -546.464
644 -549.649
645 -541.936
646 -530.739
647 -544.826
648 -541.707
649 -552.718
650 -543.696
651 -543.263
652 -526.354
653 -536.231
654 -547.185
655 -545.799
656 -552.728
657 -543.941
658 -533.458
659 -539.008
660 -548.668
661 -536.863
662 -539.654
663 -547.882
664 -542.653
665 -545.414
666 -526.539
667 -536.185
668 -545.273
669 -546.51
670 -547.742
671 -542.496
672 -540.566
673 -553.157
674 -541.06
675 -546.032
676 -551.395
677 -540.737
678 -554.338
679 -537.568
680 -538.895
681 -543.157
682 -543.629
683 -543.742
684 -537.057
685 -541.933
686 -531.922
687 -551.278
688 -528.846
689 -547.828
690 -531.066
691 -546.384
692 -542.149
693 -547.794
694 -548.834
695 -545.92
696 -540.78
697 -541.81
698 -540.639
699 -551.929
700 -544.479
701 -543.203
702 -530.991
703 -541.344
704 -536.897
705 -546.201
706 -555.093
707 -544.253
708 -538.776
709 -535.095
710 -534.212
711 -528.016
712 -525.463
713 -543.749
714 -546.792
715 -536.133
716 -548.103
717 -541.995
718 -533.958
719 -538.597
720 -536.179
721 -543.756
722 -553.719
723 -542.694
724 -542.496
725 -541.642
726 -542.54
727 -545.861
728 -542.568
729 -543.996
730 -544.4
731 -549.994
732 -541.348
733 -539.562
734 -551.238
735 -545.187
736 -553.641
737 -533.902
738 -541.183
739 -538.459
740 -534.218
741 -530.278
742 -534.383
743 -555.396
744 -544.519
745 -546.567
746 -538.275
747 -546.743
748 -538.694
749 -540.724
750 -540.186
751 -542.857
752 -546.186
753 -540.733
754 -555.039
755 -540.541
756 -543.544
757 -550.192
758 -542.054
759 -546.307
760 -556.382
761 -544.15
762 -551.155
763 -549.438
764 -534.466
765 -530.253
766 -541.69
767 -544.347
768 -542.649
769 -552.558
770 -540.201
771 -538.086
772 -537.276
773 -550.098
774 -536.611
775 -545.842
776 -540.896
777 -542.547
778 -541.757
779 -545.317
780 -542.626
781 -543.838
782 -544.206
783 -546.693
784 -537.719
785 -543.772
786 -540.208
787 -554.716
788 -542.289
789 -541.678
790 -537.976
791 -535.155
792 -538.334
793 -545.109
794 -552.268
795 -532.217
796 -547.779
797 -542.083
798 -545.529
799 -529.104
800 -539.296
801 -543.959
802 -545.994
803 -546.029
804 -552.999
805 -534.791
806 -543.374
807 -546.049
808 -532.561
809 -536.075
810 -540.009
811 -539.709
812 -534.396
813 -548.497
814 -548.971
815 -527.614
816 -560.546
817 -565.353
818 -548.699
819 -551.424
820 -533.429
821 -542.289
822 -530.249
823 -546.749
824 -545.952
825 -538.62
826 -532.769
827 -538.19
828 -532.871
829 -547.78
830 -549.208
831 -541.353
832 -542.084
833 -543.35
834 -543.094
835 -527.671
836 -547.107
837 -529.516
838 -549.139
839 -545.581
840 -548.077
841 -534.817
842 -538.905
843 -544.411
844 -538.405
845 -541.054
846 -536.027
847 -541.292
848 -530.814
849 -549.467
850 -531.33
851 -540.911
852 -543.943
853 -532.406
854 -554.638
855 -553.651
856 -553.016
857 -542.97
858 -538.864
859 -546.772
860 -540.464
861 -541.989
862 -533.66
863 -542.865
864 -548.071
865 -549.276
866 -541.79
867 -539.317
868 -547.395
869 -538.316
870 -537.735
871 -533.497
872 -542.673
873 -548.832
874 -542.743
875 -540.77
876 -535.827
877 -534.955
878 -536.528
879 -548.087
880 -537.273
881 -559.067
882 -538.929
883 -563.311
884 -547.432
885 -544.712
886 -537.058
887 -522.928
888 -554.02
889 -530.48
890 -547.091
891 -539.543
892 -530.877
893 -539.177
894 -527.497
895 -546.593
896 -541.943
897 -532.571
898 -542.039
899 -547.065
900 -539.927
901 -547.995
902 -542.998
903 -543.481
904 -525.757
905 -544.658
906 -542.95
907 -542.118
908 -547.988
909 -553.213
910 -551.085
911 -530.528
912 -542.895
913 -551.586
914 -546.529
915 -536.35
916 -541.594
917 -542.743
918 -545.667
919 -546.219
920 -541.639
921 -547.026
922 -535.247
923 -544.864
924 -549.893
925 -544.391
926 -535.195
927 -540.799
928 -525.252
929 -545.866
930 -535.755
931 -537.577
932 -528.475
933 -549.228
934 -537.205
935 -539.389
936 -546.335
937 -537.9
938 -544.79
939 -538.994
940 -535.218
941 -537.555
942 -548.255
943 -538.644
944 -549.652
945 -547.153
946 -539.868
947 -547.816
948 -557.128
949 -543.787
950 -554.517
951 -543.658
952 -535.323
953 -530.062
954 -535.618
955 -530.437
956 -548.044
957 -538.386
958 -545.327
959 -544.387
960 -555.709
961 -527.601
962 -533.362
963 -539.258
964 -538.094
965 -537.338
966 -551.497
967 -547.294
968 -527.257
969 -538.956
970 -538.028
971 -524.713
972 -544.039
973 -530.456
974 -541
975 -540.261
976 -547.882
977 -533.642
978 -548.024
979 -550.984
980 -556.339
981 -538.439
982 -540.574
983 -543.346
984 -548.468
985 -550.278
986 -538.027
987 -547.973
988 -536.128
989 -545.355
990 -540.244
991 -547.817
992 -526.29
993 -547.858
994 -535.67
995 -532.184
996 -542.556
997 -537.301
998 -545.33
999 -548.785
1000 -537.802
1001 -549.209
1002 -542.459
1003 -546.872
1004 -542.702
1005 -552.21
1006 -542.596
1007 -537.293
1008 -539.958
1009 -547.203
1010 -556.347
1011 -549.866
1012 -542.872
1013 -538.647
1014 -548.415
1015 -540.552
1016 -540.371
1017 -545.859
1018 -550.764
1019 -548.663
1020 -539.688
1021 -536.888
1022 -537.547
1023 -532.02
1024 -546.319
1025 -549.909
1026 -544.707
1027 -533.278
1028 -535.041
1029 -543.897
1030 -536.061
1031 -535.993
1032 -537.213
1033 -531.459
1034 -539.851
1035 -546.32
1036 -541.077
1037 -537.737
1038 -532.406
1039 -537.677
1040 -542.315
1041 -533.708
1042 -548.071
1043 -541.657
1044 -553.484
1045 -528.883
1046 -556.04
1047 -540.935
1048 -545.545
1049 -547.983
1050 -544.162
1051 -543.477
1052 -535.762
1053 -551.114
1054 -544.728
1055 -546.536
1056 -532.131
1057 -543.189
1058 -548.441
1059 -541.734
1060 -556.37
1061 -542.647
1062 -541.991
1063 -550.598
1064 -538.399
1065 -529.117
1066 -544.032
1067 -542.531
1068 -546.511
1069 -534.407
1070 -538.082
1071 -525.285
1072 -544.303
1073 -534.229
1074 -536.077
1075 -535.704
1076 -537.77
1077 -553.211
1078 -542.423
1079 -534.897
1080 -540.43
1081 -538.166
1082 -540.545
1083 -539.766
1084 -549.214
1085 -536.801
1086 -544.965
1087 -545.178
1088 -541.071
1089 -545.885
1090 -540.971
1091 -548.428
1092 -533.435
1093 -552.836
1094 -543.314
1095 -547.699
1096 -546.182
1097 -543.27
1098 -539.605
1099 -542.13
1100 -547.08
1101 -544.971
1102 -549.364
1103 -539.667
1104 -545.668
1105 -545.54
1106 -537.848
1107 -522.176
1108 -543.639
1109 -537.692
1110 -551.574
1111 -545.606
1112 -540.645
1113 -548.621
1114 -550.417
1115 -547.891
1116 -541.886
1117 -536.037
1118 -544.396
1119 -532.126
1120 -533.381
1121 -544.827
1122 -522.484
1123 -546.365
1124 -533.871
1125 -536.304
1126 -547.575
1127 -546.208
1128 -538.899
1129 -542.318
1130 -541.594
1131 -544.836
1132 -545.959
1133 -550.861
1134 -541.692
1135 -553.19
1136 -541.591
1137 -552.626
1138 -540.138
1139 -546.935
1140 -534.735
1141 -545.388
1142 -547.453
1143 -546.147
1144 -538.656
1145 -536.497
1146 -540.448
1147 -548.585
1148 -546.822
1149 -550.455
1150 -547.187
1151 -535.475
1152 -543.425
1153 -539.258
1154 -542.484
1155 -547.936
1156 -549.985
1157 -536.175
1158 -536.075
1159 -539.775
1160 -546.334
1161 -539.216
1162 -537.888
1163 -553.187
1164 -532.151
1165 -535.462
1166 -545.087
1167 -551.272
1168 -546.259
1169 -546.476
1170 -539.153
1171 -543.466
1172 -543.267
1173 -528.85
1174 -547.698
1175 -539.179
1176 -544.029
1177 -544.86
1178 -544.798
1179 -551.648
1180 -549.454
1181 -528.566
1182 -547.43
1183 -541.923
1184 -551.522
1185 -541.953
1186 -549.118
1187 -544.929
1188 -538.525
1189 -548.495
1190 -552.48
1191 -545.126
1192 -533.322
1193 -559.123
1194 -525.49
1195 -544.629
1196 -552.107
1197 -544.861
1198 -535.362
1199 -543.392
1200 -538.436
1201 -553.888
1202 -525.526
1203 -543.317
1204 -526.556
1205 -548.425
1206 -548.578
1207 -552.56
1208 -542.169
1209 -544.256
1210 -525.095
1211 -543.561
1212 -550.583
1213 -549.42
1214 -551.548
1215 -536.57
1216 -534.058
1217 -545.451
1218 -528.355
1219 -541.025
1220 -543.198
1221 -547.618
1222 -546.297
1223 -551.718
1224 -535.666
1225 -550.834
1226 -541.774
1227 -534.258
1228 -549.436
1229 -542.818
1230 -539.177
1231 -544.335
1232 -546.531
1233 -532.051
1234 -543.471
1235 -540.289
1236 -549.216
1237 -545.151
1238 -539.38
1239 -542.869
1240 -546.701
1241 -547.596
1242 -531.422
1243 -542.944
1244 -554.863
1245 -547.054
1246 -544.077
1247 -534.567
1248 -535.057
1249 -543.829
1250 -532.209
1251 -538.427
1252 -530.691
1253 -537.67
1254 -552.716
1255 -537.845
1256 -543.956
1257 -544.699
1258 -537.488
1259 -546.035
1260 -547.392
1261 -528.342
1262 -555.972
1263 -534.486
1264 -553.076
1265 -547.349
1266 -554.676
1267 -542.764
1268 -548.426
1269 -548.415
1270 -546.815
1271 -538.265
1272 -541.851
1273 -537.655
1274 -535.035
1275 -533.069
1276 -534.606
1277 -542.48
1278 -540.831
1279 -543.659
1280 -545.891
1281 -531.434
1282 -551.305
1283 -549.46
1284 -550.055
1285 -545.06
1286 -538.074
1287 -537.354
1288 -541.439
1289 -545.998
1290 -537.817
1291 -545.692
1292 -545.393
1293 -542.96
1294 -542.139
1295 -552.173
1296 -558.453
1297 -546.274
1298 -525.545
1299 -545.522
1300 -539.531
1301 -529.554
1302 -544.934
1303 -539.926
1304 -550.523
1305 -537.536
1306 -534.191
1307 -535.994
1308 -535.529
1309 -536.721
1310 -555.998
1311 -543.39
1312 -535.931
1313 -553.983
1314 -544.392
1315 -552.104
1316 -542.822
1317 -545.666
1318 -543.383
1319 -534.774
1320 -539.719
1321 -539.447
1322 -541.64
1323 -550.333
1324 -532.715
1325 -546.729
1326 -542.115
1327 -552.559
1328 -542.526
1329 -537.414
1330 -549.468
1331 -535.106
1332 -547.102
1333 -549.231
1334 -535.356
1335 -533.618
1336 -540.714
1337 -558.859
1338 -543.134
1339 -537.078
1340 -536.592
1341 -558.034
1342 -550.7
1343 -543.214
1344 -539.529
1345 -542.572
1346 -535.459
1347 -534.404
1348 -547.186
1349 -544.044
1350 -528.736
1351 -533.17
1352 -544.736
1353 -537.441
1354 -525.62
1355 -531.21
1356 -548.378
1357 -540.382
1358 -554.005
1359 -547.593
1360 -542.432
1361 -543.558
1362 -543.351
1363 -540.41
1364 -550.888
1365 -536.659
1366 -537.222
1367 -552.147
1368 -542.689
1369 -539.928
1370 -543.964
1371 -540.394
1372 -548.848
1373 -546.349
1374 -539.207
1375 -532.413
1376 -547.825
1377 -543.099
1378 -554.336
1379 -548.636
1380 -541.091
1381 -553.559
1382 -547.298
1383 -532.112
1384 -536.078
1385 -540.128
1386 -540.868
1387 -542.384
1388 -544.129
1389 -552.247
1390 -542.616
1391 -552.569
1392 -530.131
1393 -537.281
1394 -552.095
1395 -537.534
1396 -528.707
1397 -547.939
1398 -544.28
1399 -533.989
1400 -546.828
1401 -550.008
1402 -545.376
1403 -540.661
1404 -544.727
1405 -531.367
1406 -551.115
1407 -542.323
1408 -537.352
1409 -534.582
1410 -541.237
1411 -543.535
1412 -545.132
1413 -533.357
1414 -534.551
1415 -548.584
1416 -548.316
1417 -553.07
1418 -534.604
1419 -541.094
1420 -558.906
1421 -549.715
1422 -543.749
1423 -526.629
1424 -542.722
1425 -539.005
1426 -543.677
1427 -537.547
1428 -545.746
1429 -538.942
1430 -535.028
1431 -545.851
1432 -539.791
1433 -538.174
1434 -534.321
1435 -548.238
1436 -540.409
1437 -537.452
1438 -539.946
1439 -537.638
1440 -542.151
1441 -554.795
1442 -541.12
1443 -537.267
1444 -549.912
1445 -548.162
1446 -544.394
1447 -543.452
1448 -547.346
1449 -549.123
1450 -541.841
1451 -551.279
1452 -544.879
1453 -541.965
1454 -542.686
1455 -542.567
1456 -537.05
1457 -551.382
1458 -528.351
1459 -551.385
1460 -548.413
1461 -535.711
1462 -552.381
1463 -551.214
1464 -534.62
1465 -546.658
1466 -549.129
1467 -540.843
1468 -537.201
1469 -543.403
1470 -541.151
1471 -543.496
1472 -541.093
1473 -552.863
1474 -540.085
1475 -532.974
1476 -548.222
1477 -548.019
1478 -542.853
1479 -548.716
1480 -543.034
1481 -547.154
1482 -551.591
1483 -533.124
1484 -553.62
1485 -532.17
1486 -538.062
1487 -551.401
1488 -547.08
1489 -560.801
1490 -535.971
1491 -541.14
1492 -540.014
1493 -545.1
1494 -554.709
1495 -548.174
1496 -549.965
1497 -546.644
1498 -543.398
1499 -541.559
1500 -525.472
1501 -543.786
1502 -547.32
1503 -536.185
1504 -550.029
1505 -541.234
1506 -536.706
1507 -543.098
1508 -544.11
1509 -537.954
1510 -564.835
1511 -557.412
1512 -543.875
1513 -556.662
1514 -550.021
1515 -531.976
1516 -539.602
1517 -545.341
1518 -538.006
1519 -536.639
1520 -535.759
1521 -539.278
1522 -546.57
1523 -535.078
1524 -541.989
1525 -537.481
1526 -536.959
1527 -550.389
1528 -538.658
1529 -542.601
1530 -543.026
1531 -543.032
1532 -549.439
1533 -531.378
1534 -531.834
1535 -538.762
1536 -536.224
1537 -542.963
1538 -530.823
1539 -544.754
1540 -541.4
1541 -549.024
1542 -549.362
1543 -550.576
1544 -529.382
1545 -541.932
1546 -548.342
1547 -553.667
1548 -541.206
1549 -542.911
1550 -547.293
1551 -550.016
1552 -540.083
1553 -548.557
1554 -542.308
1555 -539.948
1556 -536.854
1557 -539.482
1558 -546.093
1559 -544.597
1560 -532.535
1561 -546.711
1562 -543.544
1563 -547.148
1564 -547.027
1565 -545.997
1566 -546.818
1567 -552.681
1568 -549.458
1569 -540.702
1570 -538.469
1571 -538.404
1572 -539.862
1573 -543.13
1574 -548.914
1575 -550.721
1576 -539.021
1577 -545.431
1578 -540.592
1579 -545.643
1580 -538.914
1581 -548.205
1582 -544.878
1583 -546.092
1584 -550.137
1585 -545.045
1586 -560.168
1587 -546.821
1588 -544.606
1589 -556.196
1590 -544.164
1591 -543.882
1592 -544.728
1593 -550.425
1594 -538.996
1595 -552.209
1596 -540.645
1597 -521.561
1598 -543.249
1599 -544.969
1600 -542.265
1601 -546.541
1602 -537.004
1603 -557.313
1604 -539.808
1605 -550.618
1606 -526.776
1607 -531.859
1608 -549.814
1609 -537.136
1610 -546.342
1611 -549.47
1612 -537.235
1613 -539.106
1614 -551.871
1615 -545.807
1616 -539.032
1617 -554.971
1618 -547.84
1619 -531.223
1620 -527.666
1621 -535.82
1622 -552.948
1623 -538.663
1624 -536.645
1625 -541.784
1626 -527.492
1627 -553.523
1628 -540.653
1629 -541.157
1630 -556.063
1631 -541.276
1632 -543.239
1633 -542.72
1634 -543.28
1635 -521.02
1636 -546.831
1637 -542.552
1638 -548.328
1639 -559.291
1640 -547.753
1641 -537.516
1642 -527.502
1643 -541.575
1644 -543.229
1645 -543.02
1646 -563.126
1647 -549.948
1648 -543.134
1649 -540.168
1650 -553.444
1651 -550.458
1652 -547.608
1653 -545.122
1654 -539.726
1655 -543.054
1656 -548.319
1657 -542.81
1658 -534.857
1659 -553.187
1660 -547.724
1661 -554.297
1662 -540.838
1663 -545.71
1664 -543.517
1665 -537.017
1666 -542.963
1667 -535.61
1668 -539.724
1669 -543.833
1670 -538.617
1671 -539.079
1672 -540.176
1673 -542.57
1674 -539.897
1675 -549.989
1676 -539.13
1677 -527.963
1678 -532.817
1679 -535.797
1680 -557.87
1681 -549.952
1682 -545.924
1683 -536.54
1684 -536.832
1685 -541.424
1686 -540.407
1687 -540.634
1688 -545.025
1689 -548.413
1690 -543.141
1691 -538.942
1692 -534.243
1693 -525.031
1694 -542.791
1695 -537.113
1696 -541.615
1697 -528.361
1698 -537.35
1699 -533.97
1700 -549.022
1701 -548.129
1702 -540.57
1703 -536.584
1704 -537.675
1705 -537.855
1706 -543.081
1707 -528.007
1708 -548.308
1709 -543.594
1710 -545.86
1711 -557.134
1712 -532.617
1713 -540.193
1714 -543.425
1715 -551.635
1716 -555.98
1717 -552.442
1718 -545.03
1719 -547.398
1720 -541.166
1721 -544.005
1722 -546.737
1723 -545.496
1724 -555.33
1725 -548.492
1726 -533.553
1727 -534.23
1728 -543.556
1729 -552.563
1730 -541.376
1731 -549.514
1732 -543.126
1733 -538.216
1734 -533.883
1735 -545.88
1736 -545.576
1737 -546.196
1738 -551.404
1739 -549.807
1740 -536.914
1741 -556.104
1742 -548.424
1743 -542.305
1744 -545.413
1745 -535.129
1746 -549.779
1747 -548.215
1748 -544.82
1749 -547.564
1750 -540.398
1751 -546.144
1752 -533.477
1753 -545.667
1754 -536.722
1755 -542.213
1756 -540.771
1757 -536.891
1758 -539.942
1759 -542.46
1760 -541.997
1761 -547.094
1762 -544.138
1763 -540.908
1764 -528.204
1765 -541.891
1766 -541.255
1767 -543.472
1768 -528.529
1769 -538.604
1770 -542.621
1771 -553.089
1772 -536.15
1773 -550.292
1774 -528.514
1775 -541.4
1776 -538.095
1777 -548.2
1778 -546.515
1779 -545.986
1780 -560.282
1781 -548.44
1782 -527.357
1783 -544.268
1784 -545.432
1785 -540.344
1786 -549.468
1787 -547.172
1788 -549.787
1789 -539.765
1790 -534.844
1791 -552.695
1792 -541.324
1793 -540.672
1794 -555.892
1795 -543.766
1796 -531.581
1797 -554.325
1798 -543.329
1799 -542.334
1800 -545.234
1801 -531.129
1802 -538.535
1803 -531.082
1804 -547.604
1805 -536.895
1806 -544.555
1807 -546.854
1808 -546.011
1809 -543.832
1810 -545.078
1811 -532.183
1812 -543.477
1813 -545.136
1814 -543.272
1815 -544.696
1816 -531.133
1817 -553.076
1818 -536.247
1819 -556.029
1820 -540.516
1821 -538.74
1822 -553.47
1823 -545.934
1824 -541.646
1825 -540.335
1826 -545.387
1827 -546.777
1828 -560.804
1829 -535.033
1830 -525.929
1831 -548.769
1832 -539.29
1833 -550.764
1834 -554.42
1835 -549.748
1836 -552.245
1837 -537.106
1838 -545.755
1839 -562.247
1840 -544.738
1841 -543.502
1842 -546.781
1843 -533.651
1844 -543.974
1845 -539.611
1846 -535.062
1847 -533.445
1848 -546.842
1849 -557.634
1850 -525.631
1851 -543.278
1852 -542.532
1853 -544.788
1854 -546.558
1855 -540.464
1856 -551.885
1857 -556.067
1858 -550.689
1859 -539.783
1860 -541.767
1861 -534.568
1862 -543.976
1863 -544.518
1864 -553.683
1865 -536.003
1866 -543.792
1867 -547.793
1868 -537.359
1869 -545.235
1870 -543.991
1871 -553.868
1872 -534.367
1873 -546.757
1874 -541.852
1875 -553.278
1876 -554.635
1877 -541.369
1878 -544.832
1879 -543.143
1880 -536.433
1881 -547.822
1882 -545.813
1883 -528.351
1884 -546.99
1885 -557.394
1886 -547.911
1887 -546.142
1888 -541.381
1889 -535.991
1890 -530.813
1891 -537.974
1892 -539.948
1893 -550.778
1894 -545.862
1895 -544.169
1896 -540.683
1897 -547.474
1898 -555.873
1899 -551.63
1900 -537.54
1901 -538.967
1902 -534.941
1903 -549.32
1904 -538.407
1905 -544.488
1906 -542.011
1907 -548.141
1908 -542.278
1909 -539.784
1910 -533.983
1911 -532.88
1912 -538.294
1913 -532.44
1914 -551.083
1915 -542.661
1916 -541.127
1917 -539.662
1918 -551.729
1919 -546.845
1920 -542.353
1921 -541.996
1922 -537.711
1923 -550.639
1924 -547.238
1925 -548.598
1926 -541.995
1927 -550.898
1928 -544.187
1929 -540.49
1930 -542.422
1931 -535.72
1932 -535.64
1933 -546.694
1934 -541.581
1935 -544.15
1936 -538.943
1937 -542.626
1938 -534.132
1939 -534.471
1940 -536.111
1941 -549.176
1942 -533.388
1943 -545.602
1944 -552.808
1945 -531.699
1946 -541.817
1947 -531.71
1948 -543.741
1949 -545.693
1950 -545.289
1951 -533.509
1952 -546.364
1953 -551.036
1954 -549.059
1955 -533.579
1956 -544.899
1957 -539.634
1958 -546.75
1959 -541.042
1960 -533.034
1961 -550.625
1962 -540.191
1963 -550.886
1964 -537.318
1965 -538.213
1966 -550.383
1967 -531.872
1968 -531.031
1969 -529.112
1970 -543.077
1971 -551.237
1972 -539.974
1973 -535.164
1974 -550.457
1975 -544.093
1976 -540.193
1977 -537.188
1978 -551.594
1979 -541.527
1980 -540.484
1981 -537.805
1982 -546.733
1983 -539.215
1984 -547.539
1985 -542.04
1986 -538.913
1987 -537.217
1988 -549.067
1989 -538.009
1990 -533.433
1991 -539.951
1992 -533.106
1993 -540.302
1994 -537.261
1995 -538.7
1996 -533.567
1997 -553.075
1998 -539.773
1999 -545.478
2000 -544.223
2001 -540.16
2002 -542.772
2003 -536.799
2004 -554.555
2005 -536.676
2006 -537.213
2007 -551.309
2008 -541.587
2009 -537.684
2010 -555.263
2011 -534.435
2012 -535.278
2013 -545.284
2014 -551.604
2015 -547.886
2016 -546.738
2017 -543.49
2018 -545.732
2019 -540.522
2020 -538.471
2021 -543.022
2022 -543.597
2023 -545.259
2024 -548.458
2025 -543.557
2026 -543.783
2027 -552.293
2028 -537.46
2029 -542.655
2030 -540.447
2031 -543.376
2032 -549.582
2033 -543.853
2034 -548.379
2035 -539.623
2036 -545.948
2037 -538.47
2038 -550.244
2039 -541.87
2040 -540.964
2041 -547.925
2042 -530.46
2043 -548.48
2044 -553.148
2045 -526.175
2046 -544.848
2047 -547.577
2048 -542.355
2049 -537.791
2050 -536.555
2051 -535.236
2052 -529.677
2053 -545.876
2054 -548.423
2055 -542.466
2056 -540.482
2057 -536.076
2058 -538.844
2059 -550.572
2060 -543.12
2061 -532.781
2062 -539.278
2063 -553.123
2064 -539.758
2065 -552.374
2066 -538.508
2067 -522.854
2068 -551.362
2069 -542.036
2070 -537.575
2071 -532.895
2072 -537.647
2073 -534.473
2074 -532.463
2075 -553.663
2076 -556.119
2077 -552.223
2078 -550.375
2079 -534.427
2080 -544.886
2081 -533.563
2082 -529.616
2083 -546.133
2084 -536.487
2085 -539.451
2086 -537.937
2087 -539.314
2088 -541.004
2089 -537.535
2090 -543.46
2091 -534.722
2092 -546.849
2093 -545.63
2094 -549.674
2095 -538.549
2096 -543.03
2097 -545.582
2098 -544.691
2099 -541.05
2100 -552.762
2101 -533.196
2102 -543.708
2103 -542.124
2104 -544.996
2105 -552.953
2106 -534.773
2107 -542.037
2108 -535.405
2109 -548.558
2110 -541.633
2111 -551.087
2112 -542.849
2113 -550.249
2114 -545.402
2115 -523.579
2116 -547.835
2117 -542.099
2118 -539.695
2119 -538.704
2120 -543.236
2121 -533.887
2122 -550.251
2123 -548.132
2124 -546.658
2125 -538.791
2126 -548.818
2127 -552.425
2128 -533.512
2129 -536.03
2130 -538.932
2131 -535.48
2132 -546.508
2133 -540.627
2134 -537.741
2135 -543.484
2136 -559.004
2137 -542.744
2138 -535.583
2139 -545.154
2140 -550.418
2141 -545.068
2142 -536.811
2143 -527.192
2144 -531.736
2145 -541.047
2146 -549.503
2147 -539.578
2148 -542.682
2149 -547.974
2150 -546.739
2151 -550.041
2152 -544.005
2153 -535.549
2154 -537.521
2155 -552.008
2156 -538.593
2157 -539.308
2158 -536.434
2159 -538.713
2160 -540.318
2161 -538.935
2162 -546.188
2163 -540.731
2164 -559.524
2165 -536.461
2166 -542.891
2167 -552.051
2168 -539.701
2169 -542.46
2170 -542.44
2171 -547.89
2172 -543.21
2173 -554.218
2174 -531.897
2175 -539.93
2176 -552.433
2177 -547.008
2178 -531.96
2179 -547.725
2180 -548.9
2181 -531.565
2182 -541.07
2183 -535.459
2184 -540.949
2185 -548.753
2186 -539.048
2187 -539.705
2188 -545.018
2189 -552.778
2190 -540.122
2191 -543.717
2192 -544.075
2193 -546.112
2194 -542.621
2195 -533.448
2196 -542.754
2197 -535.456
2198 -532.169
2199 -537.313
2200 -537.953
2201 -541.263
2202 -527.528
2203 -537.88
2204 -546.675
2205 -552.176
2206 -546.817
2207 -540.193
2208 -543.083
2209 -535.777
2210 -543.741
2211 -543.418
2212 -543.804
2213 -539.216
2214 -545.965
2215 -542.89
2216 -546.77
2217 -528.234
2218 -554.615
2219 -532.215
2220 -550.064
2221 -544.116
2222 -541.01
2223 -546.322
2224 -550.281
2225 -538.442
2226 -540.522
2227 -535.547
2228 -552.13
2229 -540.886
2230 -556.439
2231 -545.549
2232 -549.586
2233 -537.736
2234 -534.029
2235 -526.67
2236 -535.898
2237 -536.24
2238 -548.201
2239 -542.006
2240 -538.225
2241 -549.598
2242 -548.01
2243 -540.5
2244 -544.319
2245 -542.084
2246 -535.18
2247 -542.882
2248 -526.096
2249 -548.753
2250 -539.659
2251 -534.926
2252 -542.212
2253 -541.168
2254 -562.392
2255 -544.785
2256 -534.887
2257 -552.539
2258 -540.536
2259 -533.855
2260 -541.356
2261 -547.601
2262 -555.6
2263 -543.255
2264 -541.069
2265 -551.137
2266 -540.535
2267 -541.223
2268 -540.843
2269 -545.842
2270 -555.563
2271 -544.622
2272 -535.164
2273 -542.889
2274 -539.674
2275 -545.493
2276 -544.781
2277 -553.884
2278 -547.691
2279 -538.394
2280 -545.12
2281 -544.904
2282 -540.611
2283 -537.234
2284 -525.52
2285 -540.281
2286 -541.356
2287 -531.091
2288 -532.943
2289 -550.866
2290 -540.068
2291 -561.949
2292 -538.848
2293 -545.911
2294 -541.359
2295 -535.688
2296 -540.73
2297 -547.17
2298 -538.14
2299 -531.7
2300 -535.179
2301 -538.43
2302 -547.844
2303 -539.261
2304 -535.504
2305 -549.673
2306 -545.777
2307 -542.926
2308 -545.747
2309 -541.988
2310 -542.353
2311 -543.629
2312 -546.217
2313 -552.335
2314 -539.15
2315 -542.348
2316 -540.885
2317 -546.147
2318 -556.573
2319 -540.461
2320 -547.457
2321 -539.968
2322 -534.353
2323 -547.813
2324 -537.177
2325 -542.023
2326 -542.055
2327 -530.153
2328 -531.131
2329 -535.307
2330 -545.489
2331 -547.175
2332 -538.032
2333 -538.667
2334 -539.427
2335 -545.573
2336 -552.082
2337 -553.608
2338 -536.919
2339 -542.399
2340 -532.842
2341 -534.396
2342 -555.001
2343 -553.307
2344 -544.533
2345 -534.635
2346 -528.567
2347 -545.855
2348 -547.767
2349 -540.41
2350 -551.093
2351 -542.494
2352 -536.686
2353 -555.152
2354 -533.266
2355 -538.071
2356 -545.045
2357 -554.407
2358 -548.059
2359 -537.712
2360 -557.707
2361 -553.868
2362 -540.967
2363 -531.778
2364 -544.535
2365 -539.89
2366 -543.022
2367 -549.3
2368 -541.305
2369 -542.701
2370 -529.887
2371 -534.895
2372 -547.774
2373 -557.271
2374 -546.019
2375 -537.364
2376 -536.027
2377 -548.547
2378 -558.083
2379 -552.205
2380 -545.995
2381 -546.656
2382 -550.769
2383 -543.1
2384 -550.1
2385 -545.484
2386 -536.05
2387 -537.065
2388 -548.886
2389 -535.145
2390 -546.603
2391 -540.981
2392 -545.8
2393 -537.283
2394 -544.369
2395 -550.949
2396 -540.714
2397 -560.41
2398 -540.739
2399 -549.15
2400 -554.563
2401 -534.277
2402 -549.457
2403 -540.631
2404 -545.635
2405 -538.18
2406 -540.68
2407 -548.805
2408 -542.272
2409 -543.815
2410 -552.668
2411 -545.151
2412 -539.651
2413 -542.346
2414 -546.653
2415 -536.812
2416 -548.953
2417 -546.639
2418 -548.146
2419 -543.59
2420 -538.154
2421 -548.838
2422 -552.275
2423 -531.654
2424 -536.604
2425 -526.265
2426 -539.443
2427 -536.313
2428 -553.368
2429 -549.05
2430 -548.581
2431 -545.942
2432 -548.263
2433 -547.094
2434 -542.942
2435 -543.646
2436 -536.928
2437 -545.97
2438 -545.545
2439 -551.313
2440 -545.017
2441 -536.242
2442 -554.613
2443 -545.556
2444 -550.219
2445 -551.964
2446 -537.548
2447 -534.345
2448 -536.924
2449 -533.73
2450 -549.15
2451 -539.61
2452 -562.668
2453 -545.353
2454 -555.727
2455 -550.646
2456 -543.901
2457 -544.332
2458 -528.566
2459 -548.462
2460 -546.699
2461 -545.351
2462 -546.505
2463 -549.934
2464 -549.001
2465 -547.384
2466 -548.852
2467 -548.095
2468 -545.021
2469 -545.109
2470 -534.369
2471 -545.931
2472 -549.941
2473 -534.629
2474 -534.831
2475 -537.67
2476 -548.156
2477 -537.867
2478 -534.001
2479 -540.66
2480 -532.678
2481 -541.795
2482 -544.479
2483 -540.579
2484 -540.864
2485 -550.09
2486 -544.772
2487 -550.551
2488 -543.059
2489 -532.084
2490 -541.69
2491 -545.894
2492 -548.121
2493 -537.935
2494 -543.74
2495 -546.534
2496 -535.238
2497 -531.259
2498 -543.177
2499 -537.787
2500 -537.498
2501 -561.008
2502 -546.527
2503 -546.605
2504 -535.576
2505 -544.903
2506 -545.013
2507 -541.924
2508 -546.232
2509 -538.072
2510 -547.009
2511 -556.056
2512 -545.255
2513 -540.411
2514 -538.209
2515 -541.899
2516 -539.516
2517 -546.863
2518 -540.322
2519 -544.407
2520 -540.533
2521 -541.125
2522 -546.506
2523 -550.595
2524 -539.946
2525 -549.305
2526 -540.965
2527 -546.671
2528 -542.725
2529 -543.447
2530 -535.314
2531 -547.841
2532 -550.869
2533 -541.144
2534 -535.626
2535 -548.736
2536 -543.027
2537 -545.202
2538 -548.217
2539 -539.102
2540 -544.544
2541 -538.41
2542 -546.874
2543 -536.994
2544 -535.575
2545 -542.73
2546 -544.118
2547 -553.651
2548 -539.753
2549 -540.623
2550 -540.057
2551 -546.297
2552 -532.324
2553 -554.946
2554 -540.886
2555 -551.938
2556 -538.739
2557 -538.438
2558 -537.004
2559 -537.981
2560 -530.741
2561 -543.049
2562 -542.566
2563 -549.376
2564 -535.949
2565 -551.682
2566 -520.487
2567 -541.955
2568 -533.025
2569 -557.5
2570 -535.377
2571 -541.489
2572 -532.909
2573 -551.863
2574 -560.232
2575 -536.14
2576 -547.316
2577 -536.881
2578 -541.057
2579 -537.116
2580 -542.805
2581 -547.066
2582 -544.393
2583 -548.017
2584 -535.698
2585 -561.048
2586 -539.267
2587 -529.965
2588 -538.273
2589 -539.211
2590 -558.832
2591 -540.105
2592 -548.767
2593 -541.759
2594 -539.843
2595 -548.816
2596 -550.83
2597 -529.802
2598 -539.308
2599 -532.483
2600 -546.819
2601 -540.859
2602 -558.194
2603 -540.136
2604 -538.844
2605 -533.018
2606 -549.226
2607 -551.678
2608 -549.772
2609 -547.697
2610 -549.172
2611 -536.183
2612 -538.052
2613 -540.196
2614 -541.069
2615 -535.133
2616 -538.704
2617 -547.342
2618 -546.879
2619 -546.546
2620 -540.12
2621 -541.139
2622 -537.288
2623 -552.844
2624 -536.303
2625 -541.74
2626 -546.093
2627 -545.131
2628 -546.279
2629 -545.301
2630 -542.349
2631 -549.13
2632 -539.371
2633 -550.063
2634 -546.25
2635 -537.045
2636 -547.929
2637 -535.799
2638 -542.061
2639 -549.947
2640 -538.225
2641 -548.126
2642 -539.657
2643 -556
2644 -537.082
2645 -537.545
2646 -538.471
2647 -543.762
2648 -545.039
2649 -543.495
2650 -538.347
2651 -548.681
2652 -548.975
2653 -551.445
2654 -540.346
2655 -550.777
2656 -552.313
2657 -535.337
2658 -544.909
2659 -548.96
2660 -540.535
2661 -538.308
2662 -548.215
2663 -538.258
2664 -545.228
2665 -552.033
2666 -528.833
2667 -553.467
2668 -530.382
2669 -532.593
2670 -543.95
2671 -546.337
2672 -542.298
2673 -538.098
2674 -535.629
2675 -542.963
2676 -543.55
2677 -550.362
2678 -546.756
2679 -540.788
2680 -550.795
2681 -542.692
2682 -540.36
2683 -542.975
2684 -554.176
2685 -535.003
2686 -540.602
2687 -543.438
2688 -546.767
2689 -544.027
2690 -544.865
2691 -536.257
2692 -540.073
2693 -548.879
2694 -528.29
2695 -534.775
2696 -530.365
2697 -554.085
2698 -563.425
2699 -538.482
2700 -526.759
2701 -532.084
2702 -543.427
2703 -539.632
2704 -533.589
2705 -549.665
2706 -538.585
2707 -545.155
2708 -542.035
2709 -532.346
2710 -547.508
2711 -544.243
2712 -545.294
2713 -543.775
2714 -540.062
2715 -539.544
2716 -543.376
2717 -549.953
2718 -532.601
2719 -546.12
2720 -542.069
2721 -546.518
2722 -529.59
2723 -535.458
2724 -546.149
2725 -535.501
2726 -534.87
2727 -524.967
2728 -557.265
2729 -547.732
2730 -532.575
2731 -541.284
2732 -542.53
2733 -547.833
2734 -549.043
2735 -546.624
2736 -532.684
2737 -543.263
2738 -553.403
2739 -539.347
2740 -555.103
2741 -544.697
2742 -539.103
2743 -542.578
2744 -546.741
2745 -547.023
2746 -540.571
2747 -546.59
2748 -543.748
2749 -526.157
2750 -547.28
2751 -554.316
2752 -537.069
2753 -541.449
2754 -538.441
2755 -542.721
2756 -545.563
2757 -538.622
2758 -540.617
2759 -550.161
2760 -522.578
2761 -554.395
2762 -544.714
2763 -543.936
2764 -542.577
2765 -549.902
2766 -545.912
2767 -542.782
2768 -538.868
2769 -554.717
2770 -542.267
2771 -543.232
2772 -541.638
2773 -535.465
2774 -543.56
2775 -547.635
2776 -553.681
2777 -528.427
2778 -520.453
2779 -536.408
2780 -536.674
2781 -548.779
2782 -542.243
2783 -546.959
2784 -529.401
2785 -538.671
2786 -535.697
2787 -556.193
2788 -538.714
2789 -540.206
2790 -545.074
2791 -535.044
2792 -557.627
2793 -545.116
2794 -545.875
2795 -539.794
2796 -554.006
2797 -544.442
2798 -535.409
2799 -539.967
2800 -551.907
2801 -541.923
2802 -540.851
2803 -542.34
2804 -543.165
2805 -542.985
2806 -536.687
2807 -540.886
2808 -548.352
2809 -535.351
2810 -542.465
2811 -540.667
2812 -543.375
2813 -554.02
2814 -544.537
2815 -534.509
2816 -545.133
2817 -538.5
2818 -553.006
2819 -545.131
2820 -556.909
2821 -544.904
2822 -549.005
2823 -531.425
2824 -538.391
2825 -532.049
2826 -541.698
2827 -544.389
2828 -538.086
2829 -552.605
2830 -546.02
2831 -537.85
2832 -537.013
2833 -535.547
2834 -537.496
2835 -544.07
2836 -540.283
2837 -542.979
2838 -536.392
2839 -530.549
2840 -538.931
2841 -534.894
2842 -546.83
2843 -558.237
2844 -533.705
2845 -556.504
2846 -547.148
2847 -545.113
2848 -547.293
2849 -535.335
2850 -532.806
2851 -556.031
2852 -553.547
2853 -536.504
2854 -554.062
2855 -550.316
2856 -527.39
2857 -540.614
2858 -533.21
2859 -543.606
2860 -535.036
2861 -535.408
2862 -545.813
2863 -546.679
2864 -540.1
2865 -542.768
2866 -551.163
2867 -541.232
2868 -555.916
2869 -566.531
2870 -546.424
2871 -537.038
2872 -545.347
2873 -541.512
2874 -530.094
2875 -550.055
2876 -542.027
2877 -541.04
2878 -549.896
2879 -552.543
2880 -538.082
2881 -534.308
2882 -542.252
2883 -557.66
2884 -537.881
2885 -540.741
2886 -544.393
2887 -549.304
2888 -544.723
2889 -538.876
2890 -525.367
2891 -546.477
2892 -544.933
2893 -543.576
2894 -548.512
2895 -540.962
2896 -555.476
2897 -543.177
2898 -533.858
2899 -537.051
2900 -555.534
2901 -535.802
2902 -542.298
2903 -524.349
2904 -541.389
2905 -541.033
2906 -544.574
2907 -549.55
2908 -549.666
2909 -550.098
2910 -547.324
2911 -534.031
2912 -546.636
2913 -542.2
2914 -539.659
2915 -540.347
2916 -553.952
2917 -536.804
2918 -535.629
2919 -548.79
2920 -535.182
2921 -538.384
2922 -546.385
2923 -547.002
2924 -536.036
2925 -557.277
2926 -552.298
2927 -543.42
2928 -548.41
2929 -542.873
2930 -543.675
2931 -551.591
2932 -529.49
2933 -547.187
2934 -529.077
2935 -546.83
2936 -531.389
2937 -546.177
2938 -548.41
2939 -554.979
2940 -537.434
2941 -549.769
2942 -535.066
2943 -549.08
2944 -538.516
2945 -554.184
2946 -557.172
2947 -552.676
2948 -542.045
2949 -549.505
2950 -540.294
2951 -546.892
2952 -560.173
2953 -559.03
2954 -548.475
2955 -545.591
2956 -553.169
2957 -548.074
2958 -545.433
2959 -544.358
2960 -542.482
2961 -522.611
2962 -540.077
2963 -532.804
2964 -545.092
2965 -541.803
2966 -519.594
2967 -527.63
2968 -546.132
2969 -536.316
2970 -542.784
2971 -539.187
2972 -540.056
2973 -538.965
2974 -531.377
2975 -545.116
2976 -554.764
2977 -546.056
2978 -544.744
2979 -546.525
2980 -554.244
2981 -543.668
2982 -545.26
2983 -539.747
2984 -543.23
2985 -533.292
2986 -535.769
2987 -555.922
2988 -544.703
2989 -535.606
2990 -544.263
2991 -539.475
2992 -533.942
2993 -533.383
2994 -550.929
2995 -543.523
2996 -538.663
2997 -545.865
2998 -540.191
2999 -528.197
3000 -544.133
