1	0	0	0	-2843.863859088099
2	0	0	0	-2245.2488207055962
3	0	0	0	-1694.8765997505309
4	0	0	0	-1185.547254122484
5	0	0	0	-711.5613504641674
6	0	0	0	-268.3299599681336
7	21.521079359416397	1.140886906992938	0.7051218309150882	147.89633106154542
8	21.551969744180187	1.2311253980368542	0.7054199753613464	540.2204826209618
9	21.58167038483312	1.3118279228106018	0.7057060688070355	911.2395695601581
10	21.610278407551018	1.3844304900476512	0.705981112612819	1263.1491046545416
11	21.637878972687233	1.4500945505776621	0.7062459836719365	1597.8217833271474
12	21.664547215084212	1.5097696221130061	0.7065014546970775	1916.8678251962992
13	21.690349799555243	1.5642395207290405	0.7067482104706925	2221.681843919925
14	21.715346180755624	1.6141569962280935	0.7069868609965771	2513.4797007748466
15	21.73958963321012	1.6600700286080725	0.7072179522436867	2793.3278056416784
16	21.763128100649595	1.7024420375778186	0.7074419749983112	3062.1666498424283
17	21.786004901858778	1.741667587858878	0.7076593722150482	3320.8298819695547
18	21.808259321518577	1.7780847195205904	0.7078705451653418	3570.0599028534025
19	21.82992710808212	1.8119847202265016	0.7080758586146435	3810.520715016999
20	21.851040895906753	1.8436199378596336	0.7082756452086484	4042.8085870674486
21	21.87163056522044	1.8732100771553764	0.7084702092108061	4267.460964218411
22	21.891723550719195	1.9009473127883902	0.7086598297041128	4484.9639601018835
23	21.91134510744761	1.927000470572913	0.7088447633476943	4695.758692582107
24	21.93051854094612	1.9515184690835847	0.7090252467611976	4900.24667122595
25	21.949265407341088	1.9746331699482385	0.7092014985963052	5098.794401828021
26	21.967605688019724	1.996461752046677	0.7093737213438563	5291.737340682741
27	21.98555794271015	2.017108699880476	0.7095421029164526	5479.383305778105
28	22.003139444127292	2.036667477336018	0.7097068180395257	5662.015432027243
29	22.020366296814387	2.0552219434234784	0.70986802947829	5839.894741773756
30	22.03725354237862	2.072847555235515	0.7100258891234916	6013.262389151558
31	22.053815252967784	2.089612394524238	0.7101805389551972	6182.341626730482
32	22.070064614546908	2.105578047348891	0.7103321119008479	6347.339534690547
33	22.086014001295496	2.120800360757027	0.7104807326013258	6508.448546124671
34	22.101675042249276	2.135330096097225	0.7106265180967205	6665.847796650611
35	22.117058681146897	2.14921349507118	0.7107695784417796	6819.70432207058
36	22.13217523030465	2.1624927718267757	0.7109100172595961	6970.174124137722
37	22.147034419227204	2.1752065421258497	0.7110479322408858	7117.403121588941
38	22.161645438566307	2.187390198778353	0.7111834155952044	7261.528000718239
39	22.17601697995634	2.1990762410315083	0.711316554459594	7402.6769782468455
40	22.19015727218729	2.210294564370435	0.7114474312694336	7540.970486928069
41	22.204074114115485	2.2210727161723653	0.7115761240956431	7676.521793162807
42	22.217774904662253	2.2314361218180356	0.7117027069518691	7809.4375545485345
43	22.231266670207678	2.2414082851679478	0.7118272500748317	7939.818324238431
44	22.24455608964824	2.251010966731397	0.7119498201806161	8067.759008085892
45	22.257649517356054	2.260264342371435	0.7120704806993667	8193.349279781145
46	22.270553004248868	2.2691871449821783	0.7121892919905468	8316.673958528581
47	22.283272317156158	2.2777967912324666	0.7123063115406798	8437.813353249281
48	22.29581295664547	2.2861094951806273	0.7124215941452671	8556.843576807098
49	22.308180173455032	2.294140370320095	0.7125351920763908	8673.836833337573
50	22.32037898366251	2.3019035214073638	0.7126471552373417	8788.861681396065
51	22.332414182705797	2.3094121272462993	0.7127575313054674	8901.983275326733
52	22.344290358359576	2.316678515451154	0.7128663658643117	9013.263586980205
53	22.356011902760404	2.3237142300806384	0.7129737025259998	9122.761609669193
54	22.367583023563316	2.330530092923721	0.7130795830447247	9230.533546042672
55	22.3790077543053	2.33713625912165	0.7131840474221123	9336.63298137659
56	22.390289964042427	2.3435422677275812	0.7132871340051494	9441.111043618885
57	22.401433366321655	2.349757087733365	0.7133888795773066	9544.016551385395
58	22.412441527542335	2.3557891600306	0.7134893194434178	9645.396150979146
59	22.42331787475632	2.3616464357189186	0.7135884875088229	9745.294443395711
60	22.43406570295273	2.367336411127156	0.7136864163532434	9843.754102180184
61	22.44468818186693	2.372866159871851	0.7137831372998003	9940.815982915372
62	22.455188362351652	2.3782423622414215	0.7138786804795614	10036.519225044349
63	22.465569182343582	2.383471332162723	0.7139730748919613	10130.901346662462
64	22.475833472456014	2.3885590419789207	0.7140663484614076	10223.998332853456
65	22.485983961225823	2.39351114524317	0.7141585280903634	10315.844718090239
66	22.496023280040053	2.3983329977110266	0.7142496397091641	10406.473663172497
67	22.505953967765723	2.4030296766955224	0.7143397083228125	10495.917027130157
68	22.515778475103954	2.4076059989319685	0.7144287580549662	10584.20543448284
69	22.525499168688462	2.4120665370846797	0.714516812189324	10671.368338210676
70	22.535118334945665	2.4164156350145523	0.714603893208587	10757.43407876048
71	22.54463818373389	2.4206574219146964	0.7146900228311738	10842.42993938314
72	22.55406085177595	2.4247958254108193	0.7147752220458352	10926.38219807256
73	22.563388405899715	2.428834583713777	0.7148595111443183	11009.316176353555
74	22.57262284609919	2.432777256903326	0.7149429097522079	11091.25628514547
75	22.581766108428113	2.4366272374147027	0.7150254368580672	11172.22606790918
76	22.59082006773703	2.440387759792965	0.7151071108409911	11252.248241232275
77	22.599786540263977	2.4440619097740663	0.7151879494966735	11331.344733239235
78	22.60866728608812	2.4476526327462635	0.7152679700620862	11409.536719472691
79	22.617464011455002	2.4511627416406294	0.7153471892388554	11486.844657064063
80	22.626178370981556	2.454594924295123	0.7154256232154212	11563.288316840497
81	22.63481196974808	2.4579517503327324	0.7155032876880516	11638.886813685745
82	22.643366365284415	2.4612356775907043	0.7155801978807855	11713.658635240452
83	22.65184306945653	2.464449058134666	0.7156563685643683	11787.62166904971
84	22.6602435502595	2.4675941438885824	0.7157318140742404	11860.793228257602
85	22.668569233522526	2.4706730919088784	0.7158065483276359	11933.190075941033
86	22.676821504531006	2.473687969328688	0.7158805848398441	12004.828448168446
87	22.685001709570873	2.4766407579960523	0.7159539367396837	12075.72407586278
88	22.693111157398953	2.479533358827951	0.7160266167842315	12145.892205542335
89	22.701151120644415	2.482367595900268	0.7160986373728548	12215.34761900783
90	22.709122837144562	2.4851452202921895	0.7161700105605804	12284.104652039485
91	22.717027511218923	2.4878679137020745	0.7162407480708421	12352.17721216299
92	22.724866314884945	2.4905372918504747	0.7163108613076392	12419.578795539757
93	22.732640389018666	2.4931549076848	0.7163803613671391	12486.322503032477
94	22.740350844463112	2.4957222543989768	0.7164492590487547	12552.421055494011
95	22.74799876308735	2.4982407682804424	0.7165175648657235	12617.88680832418
96	22.755585198799032	2.5007118313958894	0.7165852890552188	12682.731765336122
97	22.76311117851235	2.503136774126316	0.7166524415880119	12746.967591971148
98	22.77057770307437	2.50551687756115	0.7167190321777155	12810.605627898516
99	22.777985748151497	2.5078533757605075	0.7167850702896258	12873.656899034091
100	22.785336265078147	2.5101474578939884	0.7168505651491848	12936.132129009846