0.001	2.272577626645277	0.0010203554000000003	0.20160230445195854	-29890.519102916038
0.0010698530799439043	2.272577626645278	0.0010916303673273945	0.20160230445195856	-29882.895520669634
0.0011445856126654594	2.272577626645278	0.00116788411064551	0.20160230445195856	-29874.742861668034
0.0012245384429696226	2.272577626645278	0.0012494644127916466	0.20160230445195856	-29866.024664205008
0.001310076224720765	2.272577626645278	0.0013367433503054464	0.20160230445195856	-29856.70199054656
0.0014015890839787933	2.272577626645278	0.001430118990418815	0.20160230445195856	-29846.73326405774
0.0014994943983104676	2.272577626645278	0.0015300172065858368	0.20160230445195856	-29836.074096372446
0.0016042387003910872	2.272577626645278	0.0016368936208330277	0.2016023044519586	-29824.67710410781
0.001716299714578611	2.272577626645278	0.0017512356817887442	0.20160230445195856	-29812.49171461631
0.001836188535748771	2.272577626645278	0.0018735648878693517	0.20160230445195856	-29799.463960264125
0.0019644519603285123	2.272577626645278	0.0020044391657617834	0.20160230445195856	-29785.536260721008
0.0021016749801592996	2.272577626645278	0.0021444554150504345	0.20160230445195856	-29770.647192751694
0.0022484834505644732	2.272577626645278	0.0022942522305940934	0.20160230445195856	-29754.7312470041
0.0024055469447892995	2.272577626645278	0.002454512815069264	0.20160230445195856	-29737.718571304293
0.002573581807832481	2.272577626645277	0.0026259680949636344	0.20160230445195854	-29719.534699987962
0.0027533544235971846	2.272577626645278	0.0028094000542312745	0.2016023044519586	-29700.1002688268
0.0029456847102626213	2.272577626645277	0.0030056453008139015	0.20160230445195854	-29679.330715145657
0.003151449859818136	2.272577626645278	0.0032155988822946784	0.20160230445195856	-29657.135962774944
0.003371588338815219	2.272577626645278	0.0034402183680871386	0.20160230445195856	-29633.420091543547
0.003607104168584414	2.272577626645277	0.0036805282167776173	0.20160230445195854	-29608.080991092156
0.003859071504438536	2.272577626645278	0.0039376244485399845	0.20160230445195856	-29581.009998877653
0.0041286395347473245	2.272577626645278	0.0042126796439329196	0.20160230445195856	-29552.091522347724
0.004417037722227593	2.272577626645278	0.004506948291878624	0.20160230445195856	-29521.202645393336
0.0047255814113536035	2.272577626645278	0.004821772511214271	0.20160230445195856	-29488.21271933846
0.005055677827462315	2.272577626645278	0.005158588171911441	0.2016023044519586	-29452.982938900084
0.005408832494914665	2.272577626645278	0.005518931443881651	0.20160230445195856	-29415.365903758524
0.005786656103585133	2.272577626645278	0.00590444580323605	0.2016023044519586	-29375.20516660761
0.006190871854996748	2.272577626645278	0.006316889527953948	0.2016023044519586	-29332.334768822882
0.00662332332160631	2.272577626645277	0.006758143717146937	0.20160230445195854	-29286.57876518642
0.007085982855084802	2.272577626645278	0.007230220870493194	0.2016023044519586	-29237.750739447027
0.007580960581942184	2.272577626645277	0.00773527406697185	0.20160230445195854	-29185.653312874187
0.008110514027524178	2.272577626645278	0.008275606784760043	0.2016023044519586	-29130.077648387185
0.008677058412274983	2.272577626645277	0.008853683407080206	0.20160230445195854	-29070.802953307622
0.009283177667225565	2.272577626645278	0.009472140461913007	0.20160230445195856	-29007.595984296087
0.00993163621894774	2.272577626645278	0.01013379864683891	0.20160230445195856	-28940.21055859221
0.01062539159772368	2.272577626645277	0.010841675693851985	0.20160230445195854	-28868.387076281088
0.011367607926434766	2.272577626645277	0.011599000132820517	0.20160230445195854	-28791.852058956385
0.012161670351690976	2.272577626645278	0.012409226016367788	0.20160230445195856	-28710.317710838404
0.013011200483019063	2.272577626645278	0.013276048673331108	0.20160230445195856	-28623.48150912846
0.013920072910525568	2.272577626645277	0.014203421562648484	0.20160230445195854	-28531.025831132734
0.014892432876369497	2.272577626645278	0.015195574304541149	0.20160230445195856	-28432.617626459298
0.015932715180641766	2.272577626645278	0.0162570319712298	0.20160230445195856	-28327.908143369736
0.0170456644078786	2.272577626645277	0.017392635725166736	0.20160230445195854	-28216.532719135812
0.01823635656645912	2.272577626645278	0.018607564898912025	0.20160230445195856	-28098.110644994365
0.019510222239581546	2.272577626645278	0.019907360617357123	0.20160230445195856	-27972.24511698738
0.020873071353406377	2.272577626645278	0.02129795107003351	0.20160230445195856	-27838.523284593728
0.022331119675330705	2.272577626645278	0.022785678548769932	0.20160230445195856	-27696.516409575102
0.023891017163248488	2.272577626645278	0.024377328374013275	0.2016023044519586	-27545.780147838133
0.02555987829509409	2.272577626645278	0.026080159841742046	0.20160230445195856	-27385.85496732194
0.027345314516997777	2.272577626645277	0.027901939332117077	0.20160230445195854	-27216.266714916164
0.02925546895804483	2.272577626645278	0.029850975730873412	0.2016023044519586	-27036.52734516112
0.031299053569967566	2.272577626645278	0.03193615832500568	0.20160230445195856	-26846.135822928896
0.03348538886115907	2.272577626645278	0.03416699734558351	0.20160230445195856	-26644.57921141295
0.035824446406230365	2.272577626645277	0.036553667342607746	0.20160230445195854	-26431.333955495833
0.03832689432499089	2.272577626645277	0.03910705358973381	0.20160230445195854	-26205.86736891864
0.041004145938276074	2.272577626645278	0.04183880173050805	0.20160230445195856	-25967.639331596678
0.043868411822534016	2.272577626645277	0.04476137089254642	0.2016023044519585	-25716.10420090796
0.04693275550058563	2.272577626645278	0.047888090511902244	0.2016023044519586	-25450.712937820987
0.05021115302255576	2.272577626645278	0.051233221126791094	0.20160230445195856	-25170.915445341427
0.05371855670871599	2.272577626645278	0.054812019417944585	0.2016023044519586	-24876.16311297628
0.057470963344961115	2.272577626645278	0.05864080779223315	0.20160230445195856	-24565.911556794425
0.061485487141949915	2.272577626645277	0.06273704882691916	0.20160230445195854	-24239.62354027984
0.06578043779066645	2.272577626645278	0.06711942491407058	0.2016023044519586	-23896.772056628608
0.07037540397040293	2.272577626645278	0.07180792346838206	0.20160230445195856	-23536.843548554803
0.0752913426900321	2.272577626645277	0.07682392808702479	0.20160230445195854	-23159.341237185938
0.08055067487004285	2.272577626645278	0.08219031607729252	0.2016023044519586	-22763.788527404708
0.08617738760127544	2.272577626645278	0.08793156279685445	0.20160230445195856	-22349.732453200748
0.09219714354674417	2.272577626645278	0.09407385328249557	0.20160230445195856	-21916.74712340893
0.09863739798551457	2.272577626645278	0.10064520167646891	0.20160230445195856	-21464.43712580012
0.10552752403245544	2.272577626645278	0.10767557899514568	0.20160230445195856	-20992.440846015576
0.11289894660497696	2.272577626645278	0.11519704982269992	0.20160230445195856	-20500.433657431517
0.120785285747757	2.272577626645278	0.1232439185532669	0.20160230445195856	-19988.13093881069
0.12922250996914253	2.272577626645278	0.1318528858485684	0.2016023044519586	-19455.29087860432
0.13824910028856902	2.272577626645278	0.14106321602458297	0.2016023044519586	-18901.717028025814
0.14790622574319928	2.272577626645277	0.1509169161306924	0.20160230445195854	-18327.260569487447
0.1582379311542403	2.272577626645277	0.16145892753805735	0.20160230445195854	-17731.822272580604
0.1692913380093155	2.272577626645278	0.17273733091103033	0.20160230445195856	-17115.354116341205
0.18111685937709077	2.272577626645277	0.1848035654964552	0.20160230445195854	-16477.860563879418
0.19376842983434778	2.272577626645278	0.19771266373099788	0.20160230445195856	-15819.399483331503
0.2073037514541713	2.272577626645278	0.21152350223652153	0.2016023044519586	-15140.082717245436
0.22178455697717103	2.272577626645278	0.22629907034826416	0.20160230445195856	-14440.076310661569
0.2372768913660208	2.272577626645278	0.2421067574005327	0.20160230445195856	-13719.600416011985
0.25385141302745257	2.272577626645278	0.25901866008019153	0.20160230445195856	-12978.928900269842
0.27158371607553256	2.272577626645278	0.27711191124973644	0.20160230445195856	-12218.388686293289
0.29055467510601934	2.272577626645278	0.2964690317396724	0.2016023044519586	-11438.35886585094
0.3108508140542756	2.272577626645278	0.317178306714676	0.20160230445195856	-10639.26962604886
0.33256470081903666	2.272577626645277	0.33933418833008855	0.20160230445195854	-9821.60103438159
0.3557953694518695	2.272577626645277	0.36303772651521016	0.20160230445195854	-8985.881728947897
0.38064877183786233	2.272577626645278	0.3883970298481308	0.20160230445195856	-8132.687561470473
0.4072382609276015	2.272577626645278	0.41552775862408725	0.20160230445195856	-7262.640239923552
0.4356851077243939	2.272577626645278	0.444553652366167	0.2016023044519586	-6376.4060160315385
0.466119054384635	2.272577626645278	0.475607094184256	0.20160230445195856	-5474.694460369592
0.49867890595394204	2.272577626645277	0.508829714556197	0.20160230445195854	-4558.257364561683
0.5335131634378821	2.272577626645278	0.5443730372849256	0.20160230445195856	-3627.887806319548
0.5707807010946337	2.272577626645277	0.5823991705776955	0.20160230445195854	-2684.419409000846
0.610651491038635	2.272577626645278	0.6230815463993229	0.20160230445195856	-1728.7258231799788
0.6533073784600218	2.272577626645277	0.666605711471527	0.20160230445195854	-761.720453700058
0.6989429109955324	101.95630449844963	6.570314411644121	0.9188869885250571	215.6435487805029
0.7477662260335294	105.54029144383796	6.672072558035387	0.92142502968562	1202.3730148142822
0.8	109.34359141591771	6.7709388280649	0.9239502545738234	2197.434190073094