ABW	160.7404163525943	160.3439370344236	159.96401945039372	180.0	149.40830467771096	132.6926795660329	1.6087468071079507	1.6087467704646476	1.6087467338158106	1.6090331211869562	1.6081599485806115	1.1788179055116643e-07
ACO	156.29585585050043	155.73327756317715	155.20755262071566	180.0	148.39447428194958	187.29548244352554	1.608943429485921	1.6089424038259603	1.6089413772745593	1.6099918624349963	1.6057981309137785	3.297588800244e-06
AEI	149.12120250336213	149.11081193569456	149.10040077484663	151.26615060524972	146.10052599212307	3.0925643219707126	1.6097245124662212	1.6097243449973873	1.6097241775455005	1.6111184218014438	1.6087134762504436	5.392119035718679e-07
AFG	157.03149498602693	156.7347828105692	156.42797339811926	167.02326193583542	139.07604317699946	89.98608567028714	1.6092992122831626	1.609298999031183	1.609298785790888	1.610513335355733	1.6079492087828031	6.864100305925547e-07
AFN	147.52007602169144	147.2441250665188	146.97032359866407	162.63513829310838	135.53000123384865	81.90907419296855	1.6111609117268975	1.6111603235830954	1.6111597356387237	1.6141815521306837	1.6093445094196064	1.8958310938899103e-06
AFR	145.15158988485672	145.12416908803272	145.09677122668128	149.75960994222314	141.4716728337609	7.965838725129288	1.6099703771780907	1.6099702309616093	1.609970084748937	1.6110737755737867	1.6088472286107725	4.7082062826220294e-07
AFV	148.42342307919418	148.23233917190473	148.039819183031	157.0425011043725	138.03287152252338	56.20872517305543	1.6096267862341358	1.6096262179035064	1.6096256494419297	1.6115002303340233	1.607393470107422	1.829178501111528e-06
AFX	149.13268056690438	149.1292970179786	149.12589858887594	150.0225244083584	147.23627423762616	1.0047532873941236	1.6096899533788245	1.6096898348628186	1.609689716362565	1.6106788554352114	1.608998853177624	3.8159874504728464e-07
AFY	145.4600940082027	144.65801259571685	143.8942630691431	180.0	128.3214685475117	244.26294887638142	1.6103234712900545	1.6103226230296424	1.610321774600334	1.6123557295144422	1.607040399999999	2.7314022830182694e-06
ANA	148.7571402056962	148.75714020569615	148.75714020569612	148.75714069872686	148.75714000447692	-1.4551915228366852e-11	1.6098678470004242	1.6098677983947676	1.6098677497891116	1.6102634491265972	1.6094722314357823	1.5649736972989103e-07
APC	154.5284929266626	154.0374004325725	153.55443495878657	180.0	134.0267797144988	154.563987373087	1.6093336220762546	1.6093329967790375	1.6093323715956953	1.611816160535374	1.6071369923491867	2.012989920530117e-06
ASV	142.039073317637	141.82877062441304	141.61684948351694	149.86726404904886	132.91356265756818	59.16863717158412	1.6275504550834772	1.6275503183292725	1.6275501815770088	1.62847363341575	1.626636627314804	4.45155026618238e-07
ATS	152.06871948580076	151.9315162372848	151.79406224014397	158.7955965552949	142.49272253831595	41.602471601974685	1.6095743495020864	1.6095741238214711	1.6095738982175611	1.6112492758264276	1.6087408220083732	7.267463528748408e-07
ATV	165.15743815275857	164.73685032872208	164.31674918756795	180.0	148.20369285435555	138.78928542403082	1.6086985425333002	1.6086981970196597	1.6086978515547357	1.6103302550607155	1.607225102501827	1.1118111085117732e-06
AVE	149.9584843192726	149.73228046956766	149.51871256985586	170.4986503492682	139.78156556772265	71.82445194082902	1.6095848939292348	1.6095847401097025	1.6095845862619633	1.6108285227773311	1.6078973825605305	4.950804135539499e-07
AVL	148.6216604638123	148.35940075673162	148.09119778255868	160.73227941407353	132.34887053195428	76.16765614785982	1.609456710510805	1.6094562182233465	1.6094557259439846	1.611468895062632	1.6077382034786947	1.584656310615884e-06
AWO	150.00251979408392	149.6186138372438	149.24553676347014	169.9734418078659	139.3509821943471	118.23418417265202	1.609388212429062	1.6093874710138842	1.6093867295361894	1.6120291454115456	1.6061637635090058	2.386248903363253e-06
AWW	148.37828198079066	148.33079971861974	148.28285052112665	153.21859892751118	141.8604784252295	13.95041840279373	1.609819754520933	1.6098196179280748	1.6098194813651512	1.6111143470947562	1.6089242521116278	4.398761732637979e-07
BEC	148.8498619753217	148.57013531926225	148.308957239593	179.63565979033626	138.3799004446728	89.43977263134366	1.6099150042137478	1.6099144584644955	1.6099139125480553	1.612022934633797	1.6065607203684378	1.756682155740208e-06
BOF	145.21844002348584	145.18850508988467	145.15890195448392	150.79128111832478	142.0160390722609	8.790378474284807	1.6100028493916334	1.6100027636874974	1.610002677996022	1.6110628934024414	1.6094090552310232	2.7600856400411544e-07
BOG	145.95740889850427	145.83986219395652	145.7230428642848	160.40582627943027	136.21197139639608	34.53739560937538	1.6099752919390549	1.6099749211407284	1.609974550459229	1.6133561292211327	1.6074810060568123	1.194329239062597e-06
BOZ	132.5527838580175	132.4876742130871	132.426154903294	147.42496781941063	130.19052471145275	18.26751697337022	1.6115099215024444	1.6115092669634605	1.6115086120933693	1.6132837678589573	1.6081759328802334	2.108525060773303e-06
BPH	144.41127661056817	144.2417218792161	144.0903352614561	180.0	138.84378498145483	55.066764226474334	1.6101717516115517	1.6101715520521156	1.6101713523327565	1.6109742844667894	1.6068590999999994	6.421355731589529e-07
BSV	131.56980755839146	131.56163894512693	131.55347083901717	133.03589798255024	130.10371712246746	2.149419024197414	1.6113016028061853	1.6113015079296424	1.6113014130666297	1.6121677878329295	1.6107640746140581	3.057930393346453e-07
CAN	156.8688019043997	156.64112570873058	156.40439423692987	163.12836234783524	142.61613255789447	68.56639385353628	1.6089218895912925	1.6089216120998662	1.6089213346884457	1.6104604856641507	1.6078821748566967	8.931814758916801e-07
CAS	166.43176121352286	166.0841483792542	165.72664897858957	180.0	146.62554855468267	112.4823682858987	1.6088198196784402	1.6088196151543401	1.608819410622249	1.6102813224706252	1.6076030462358093	6.580590961036137e-07
CGF	143.52620072126493	143.27873106361415	143.03324145432234	159.15504143002485	129.63658778759614	71.58075641811593	1.6101812708336667	1.610180875812832	1.610180480659164	1.6126213335992936	1.607000149255792	1.2716833115433701e-06
CHA	149.15559838674048	149.1530590984688	149.1505129762751	150.13133236197467	147.7521068412862	0.7554543168953387	1.6095382059163377	1.6095381103655253	1.6095380148349958	1.610466382889817	1.6090118803162325	3.076506507326826e-07
CON	148.3969528220243	148.18580154293778	147.98027480864536	167.53640705453182	137.19770264269255	64.38098702399657	1.6098797499656412	1.6098794186780434	1.6098790873661544	1.611567930187423	1.6079467678478965	1.0665880880722511e-06
CSV	145.94992441319908	145.79805090154613	145.64675118270986	159.0781951246895	134.49632297381103	44.48608042423439	1.60995686647825	1.6099567030408664	1.6099565396054407	1.611436187542256	1.6086626492344744	5.262605697886613e-07
DAC	157.5572210266918	157.11952977738832	156.69738391938333	180.0	143.680446888133	142.77280511804202	1.6093161438572203	1.6093155727684776	1.6093150017182178	1.6122002879149058	1.6070044518494664	1.8382488407020503e-06
DOH	170.61785753165202	170.4872133963161	170.35521102471333	180.0	157.40002534616528	44.10909039004764	1.6085316803688186	1.6085310888529367	1.6085304976179386	1.6117061457824002	1.6069923728920554	1.9038479606159342e-06
DON	150.21619990943302	149.74566621604507	149.28866255590592	176.22894495311027	134.10045279170922	145.363661836549	1.6095679432096053	1.6095675133809022	1.609567083640792	1.6118735000676796	1.607526491516664	1.383962275447459e-06
EAB	149.91579307044628	149.81382471371717	149.71190575052304	156.91497964820178	143.3251823711777	30.560398371282645	1.6096958224892601	1.6096957520740838	1.609695681666632	1.610424948200174	1.609182099579758	2.2671890231862335e-07
EPI	156.46189356979622	155.88345102628895	155.3081298211762	180.0	136.49678069178165	181.9405856028643	1.6093113372033765	1.609310720439966	1.6093101037876305	1.6117405152173765	1.6072564636833857	1.985485857058933e-06
ERI	148.4810407526075	148.3601104466152	148.24237968285271	163.51379595063662	142.09785445787114	36.88555119103694	1.6097159550771352	1.6097158928948805	1.609715830695927	1.6100700835790862	1.6085538244050166	2.0013778989635966e-07
ESV	149.97225071870722	149.75364316407135	149.54040045382726	168.65774439982022	139.1167675483293	67.18729576009719	1.6096259523522427	1.6096254906254785	1.609625028851019	1.611561894679869	1.6074783304291715	1.4862609667432025e-06
ETR	141.6409807053321	141.61403588052696	141.58709249245757	146.1318018722973	137.30438304739351	7.632575119387184	1.6104295672368332	1.6104293299199293	1.610429092573031	1.6118681755675812	1.6087787787011096	7.642676886909783e-07
EWS	146.60398268130388	146.24848583858378	145.90643753397276	180.0	132.35591679545925	108.65919655632388	1.6098639820464848	1.6098635731271023	1.6098631640335097	1.6116442409191778	1.606497529369536	1.316048773070122e-06
EZT	145.50672439251113	145.35594289296614	145.20372769959695	154.88601782682568	134.3181348578143	43.450641380095476	1.609916397793585	1.609915926020914	1.6099154543218546	1.6121121952712711	1.6081414977847066	1.5192658930907044e-06
FAU	143.42435244105457	143.41399337808483	143.40372005097186	146.36700024587117	142.0492984525702	2.9960199938832375	1.6101934605503991	1.6101933639590322	1.6101932673762827	1.6110302602233804	1.609528576481404	3.1108931075607416e-07
FER	157.8099777342894	157.54410249191474	157.2918443456321	180.0	150.07463071032504	88.37974744106032	1.6091462782002302	1.6091461765822679	1.6091460749433528	1.6100973572122035	1.6079281466712674	3.269689141660592e-07
GON	149.43089209872196	149.1431753967417	148.8700404413679	170.7707079172657	141.3874101870805	90.41057225480472	1.6191398129750134	1.6191395386366112	1.6191392641862055	1.620640107697484	1.616432403774513	8.880221380458408e-07
IFO	145.119768111425	144.75766096683896	144.39934526067967	160.39861240881825	132.81152882310917	105.91960487531833	1.6100318303266685	1.6100312998485753	1.6100307692905647	1.6125726783426846	1.6074602823457314	1.7079160041788555e-06
IFR	143.8733600305648	143.8222996303251	143.77101654828124	149.29899623703847	137.4814452623114	14.625337945282809	1.610109706571709	1.610109567824029	1.610109429075964	1.6112455429988943	1.6089920374658184	4.4679670407887784e-07
IFW	152.45296528770206	152.16450831437248	151.88629298692402	175.05179371034683	142.052201875738	91.07167188822496	1.6094800876126227	1.6094798977374773	1.6094797078326748	1.6106263092003934	1.6077678829039974	6.111050740997825e-07
IFY	143.6044371098856	143.2822709975832	142.984475578806	173.7149485970446	134.65443960414385	100.1604508869641	1.6101256644878392	1.6101251141672686	1.6101245633880477	1.6114579992416986	1.606440151576392	1.7706950461437998e-06
IRN	151.95226900404867	151.77078185051977	151.5994699532771	179.17769720706866	142.87300963711263	58.5301626793007	1.6093932229586776	1.6093930433092687	1.6093928636097539	1.6109420691334062	1.6068112021059962	5.780919356546121e-07
ITE	148.50418132882936	148.3633924443682	148.22108307611884	156.36229887183998	137.8224626327166	41.33519086632077	1.6277124641544851	1.6277121369674976	1.627711809767146	1.629377834980632	1.6259496304841743	1.0650890716057404e-06
ITH	150.80830817970127	150.55459652288548	150.31285958580497	175.83640201992827	141.4807820101872	80.34771948230991	1.6096898772449044	1.6096895863652894	1.609689295457031	1.6112947078028077	1.606603893828734	9.363598447720278e-07
ITT	147.76073970374497	147.22598300896908	146.70685302763363	180.0	132.65213921597274	162.63581028361295	1.6101008995502926	1.6100995762383261	1.610098253284118	1.614740546429902	1.6057416383999987	4.262485916228798e-06
ITW	150.19155496104568	149.8864238254579	149.6075923764412	180.0	143.99998329573458	100.27296811422275	1.6095316340420014	1.6095311505992411	1.609530666853671	1.6108688475492425	1.606383721747524	1.555258731134046e-06
IWR	146.73250868820634	146.5876072219057	146.45428286353936	176.67736432478492	138.97900430261643	46.33375863991387	1.6099268688362969	1.609926532694368	1.6099261962609839	1.6119625052351283	1.6058898225735008	1.0813909039342207e-06
JNT	142.3407798796994	141.9978834689462	141.66117448172855	163.1715379241627	127.96333116374294	99.29898257238165	1.6103485943081406	1.6103480745382737	1.610347554643027	1.6124925690871825	1.607229151867632	1.6736176151610493e-06
JOZ	139.9674418989938	139.17303478844073	138.4691837746061	180.0	131.27633129001208	249.90307098441917	1.6104954722325566	1.610493580817809	1.6104916871822823	1.6129484281313673	1.605382735446351	6.085079178763664e-06
JRY	152.48146050780113	152.06966380300258	151.67427424788121	175.7991953801708	139.16153896019318	130.56105613336695	1.6090975231492555	1.6090966742329265	1.6090958252409173	1.6112548616603106	1.606516607339006	2.7317335016263655e-06
JSN	145.22190717126705	145.04405061684943	144.87062360555407	159.90986886278978	134.90331271200972	52.96686018920809	1.6100087376842862	1.610008440653432	1.6100081435203033	1.6118021768758983	1.607505918380974	9.561154743487066e-07
JST	129.2706230621968	129.26460538450408	129.2586113157981	131.2307620535567	127.97266187178914	1.5618748294364195	1.6115523265310137	1.6115521691451977	1.6115520117332618	1.6123642102806697	1.610221661096694	5.071867237305128e-07
JSW	146.08009214010085	145.8491248330983	145.62013772634222	160.28912146908095	132.93244266089104	68.0170616208452	1.6099922837618392	1.609992011781873	1.6099917397968138	1.6119347691035053	1.608118550747013	8.757548868310039e-07
KFI	149.1770091378987	149.17422880009008	149.17144021123062	150.17190456713703	147.7008650994041	0.8270570134809532	1.6094752334327176	1.6094750077751503	1.6094747821253563	1.6106826030916317	1.6083290971673596	7.264054802114117e-07
LAU	144.14583095476493	144.1357528143737	144.12574070346446	148.1641049553195	141.9048579454773	2.9246210132478154	1.6100339522801927	1.6100337889181464	1.6100336255863847	1.6113257354646275	1.608898926298701	5.26134380951504e-07
LEV	150.04156909548357	149.94012295109778	149.8386911908046	157.47558214864372	142.66606418629667	30.422547004745866	1.60959418879107	1.6095940218222902	1.6095938548723476	1.61081191850897	1.6085822297600867	5.375645568683751e-07
LIO	152.5123614381295	152.01739009014472	151.50997184609855	172.18664009190354	132.11652452978544	146.98244012384748	1.6095157116101673	1.6095151826401908	1.609514653878622	1.6126355923671687	1.6075037376708403	1.7034423649420205e-06
LOS	158.04497513443889	157.79266819099792	157.52951099819043	165.03645499941334	139.07203408403953	76.40354219617075	1.6094154410685315	1.6094151959004817	1.6094149508070639	1.6113789082413696	1.6080235912973584	7.893948739123857e-07
LTA	149.73059834612732	149.66154019845544	149.59251532494392	154.39899515020045	145.184341975648	20.675906128912175	1.6095172650910812	1.6095171132139374	1.6095169613216493	1.6101722031759504	1.6085161909635113	4.888489764098836e-07
LTL	146.16446337653161	146.0754997372521	145.98720394396832	152.99261879688788	138.15715256167297	26.189059257198096	1.610003395749686	1.610003220688456	1.6100030456701389	1.6116521676642652	1.608958961568168	5.63836549005714e-07
MAZ	147.8140637977923	147.65757217690012	147.50447913182686	163.05721551626218	140.63760065514856	47.26088201274979	1.6098276040121149	1.6098272083987732	1.609826812558147	1.6111518520841939	1.6068874795558594	1.27300730623503e-06
MEI	144.2226881103441	144.04615052895818	143.88200376368945	180.0	131.20900654820346	55.23687126543882	1.610006443674583	1.6100062383460059	1.6100060329965096	1.6117084659058298	1.6076578999999995	6.610934315531836e-07
MEL	152.75602274064235	152.50279414924933	152.25434970507118	167.48178353639565	141.15532135098616	78.72133002872215	1.6096442757655034	1.6096438944133074	1.6096435130810474	1.6120592868705272	1.6072928005829445	1.227747000065449e-06
MEP	168.19201047546045	167.86422378885248	167.5233032978503	180.0	146.24642180637858	106.01677767341243	1.6089795098429178	1.6089793561671062	1.6089792024198446	1.6097728716512336	1.6070461027104177	4.942926703499495e-07
MER	147.43327679160447	147.4261601287336	147.41902236608888	148.83284944918952	145.2779116571235	2.0921521930067684	1.6097599628743298	1.60975990987834	1.6097598568887337	1.6104223897346652	1.6093371316821607	1.7064220880769199e-07
MFS	154.47473264938583	154.3211702487979	154.1666762352011	164.37751167501784	144.32762630772606	47.10893018775096	1.6096193189509578	1.6096191468156233	1.6096189746670222	1.6108268266648977	1.607825406485564	5.541019989507845e-07
MOR	155.99515463477414	155.69608634616924	155.41291622783015	180.0	147.61386191298874	98.44594904588303	1.6093279055593992	1.60932779502525	1.6093276844953943	1.6103906710294318	1.6081650840992652	3.55785196859415e-07
MRT	149.55626583700115	149.40942468037792	149.27600944809276	180.0	143.9337060753709	48.44321892337757	1.6095245537778435	1.6095243836409825	1.6095242133443797	1.6100738540531518	1.6064227101551667	5.471653237165697e-07
MSO	149.65727844210045	149.59269365668172	149.52918982565043	157.54525239943675	144.80883748765717	19.652835049088026	1.6095784682372603	1.609578330876592	1.609578193511124	1.6105224239405143	1.6086061166378363	4.4217005568114587e-07
MTF	151.162190756221	150.88523931041564	150.61183017665545	167.7536883247084	135.62749350893196	84.80068051056878	1.609520913860546	1.6095204555680693	1.6095199972397485	1.6118677430163109	1.6073649156196683	1.475147179963443e-06
MTW	157.43899547219945	156.82264883053008	156.20807623244372	180.0	131.62781831603573	194.4192810750501	1.609494640250942	1.6094943360145726	1.6094940319186686	1.6123155518823586	1.6081491753459582	9.797860065496877e-07
NPT	136.60347390406352	136.24609818770014	135.91821357191728	159.59400155830576	131.57825522055626	106.1173459738311	1.6117532909417416	1.61175166374914	1.611750033903858	1.6131227575194755	1.6066812154605965	5.236723445101177e-06
OBW	133.05136886576122	132.91392162521913	132.7909801090465	159.75414491053678	129.99357847931637	40.919180288598	1.611663514477438	1.6116627836393473	1.6116620522124094	1.6135357823849563	1.6070386917663002	2.3538346516360775e-06
OFF	148.39373814959492	148.27568420036525	148.16081580895406	163.1747088200621	142.79117812653828	36.00227903083942	1.6097835141268444	1.6097834178519033	1.6097833215629875	1.6106885008436729	1.6083794546961439	3.099186773880547e-07
OSI	160.1247583961809	159.42211988420135	158.7122419631716	179.94591920287073	135.65454805000002	222.0808461163142	1.6086812564941604	1.6086800866075226	1.6086789172396219	1.6123102335734427	1.6063703669074134	3.7656176208322734e-06
OSO	128.52792507501124	128.52717340389316	128.5264229475545	129.150070711094	128.21685225696598	0.19353259625495411	1.6127833298221057	1.6127821060722138	1.6127808818029843	1.6147465405447108	1.610061676818048	3.94560870509153e-06
PCR	154.15086761369386	153.81684783188183	153.49532865939187	180.0	139.89987179455574	106.9999469608847	1.6093127445001898	1.609312234657431	1.6093117245347628	1.6118031627160725	1.6050556913664014	1.6400933895432956e-06
PHI	148.61855875807632	148.6051104386757	148.59162896815218	151.247724919964	145.0525362014224	3.98736430127974	1.609780062496703	1.609779971706583	1.609779880916305	1.610727249302971	1.6088341175691925	2.923037420998753e-07
PON	148.06723765009323	147.6902630113366	147.32293907249928	168.8972120283794	134.3482151899079	114.41564511455726	1.6098366716578774	1.6098363848996904	1.6098360981791584	1.6117154653238792	1.6082582714037341	9.233888933479761e-07
PUN	138.9706753537185	138.72244787870238	138.47549758028558	153.87990289519612	127.16518720189393	69.28117979004674	1.6106218673392292	1.6106212224859502	1.6106205775817009	1.6132599237166414	1.6075804720946343	2.0770653814672357e-06
PWO	147.00656232062497	146.54451813157678	146.12243583893647	180.0	135.39062067576762	148.72879126824046	1.6098445498078013	1.6098439869344232	1.6098434234239969	1.6110498713516817	1.6059146028219446	1.8102285470611434e-06
PWW	148.39239400898668	148.11058980843282	147.84783131486458	180.0	140.29356881550692	89.83059081608735	1.6097120575945603	1.6097117643698506	1.6097114708657272	1.6107394223934812	1.6061402551560253	9.431163272566323e-07
RHO	147.50182719993003	147.501217504516	147.50060781162227	147.92592879060038	147.07772552508425	0.17986200346786063	1.609537799946102	1.60953778644591	1.6095377729457163	1.6097462733190533	1.6093293168625957	4.34581406416612e-08
RRO	152.73012102726588	151.9264440302834	151.12066903545272	180.0	127.11627440018137	244.13584635054576	1.6095868839639704	1.6095859770445575	1.6095850700608134	1.6121480881686192	1.606408175729165	2.919323312866595e-06
RSN	146.85493528930857	146.28081161154321	145.71886062495815	180.0	130.99816918391463	172.37984959863388	1.6099908076925937	1.6099896930899966	1.6099885791550919	1.6139603274723582	1.607406285175616	3.591150070203497e-06
RTE	150.22623824883627	150.09302306214312	149.96163361468288	159.27967633555446	142.99320556358336	40.53939637507574	1.6097874332975577	1.6097872683304146	1.6097871033850364	1.6114500109840566	1.6086726187716607	5.311941735364201e-07
RTH	150.15984596700528	150.02320854951958	149.88413085255027	156.80596750740355	137.96256917629563	40.29011419445669	1.6097198082036805	1.6097196079320666	1.6097194076693726	1.6111464633438424	1.6083240136026462	6.447910538831536e-07
RUT	148.9278959454008	148.8148338019316	148.70008461294074	155.9351869880307	137.8172747276982	33.16621449766899	1.6098359865028389	1.6098358137045552	1.6098356408872116	1.6112233563548768	1.6080507003406557	5.56292473419262e-07
RWR	155.12139040077523	154.51426537734832	153.9043437705212	180.0	135.3567385228352	187.39900889137425	1.6091983520683553	1.6091965873404301	1.60919482247749	1.6125616392768036	1.6049253963202381	5.679158917359928e-06
SAF	148.03584846141226	147.80586119385916	147.5821054013478	169.77303804154764	137.228705562639	70.02690454546246	1.6096222266382967	1.6096215935439513	1.6096209604270075	1.612187676248927	1.6065848211410405	2.038012789196131e-06
SAO	141.7679543683138	141.6389874469877	141.51309530394548	155.2956287294939	134.40661207801563	37.44917166934829	1.6102772903903573	1.6102765473111844	1.6102758040500207	1.6123597787243455	1.6072827689171723	2.3925404244451443e-06
SAS	151.3965631118824	151.3809577814623	151.3653136879257	155.13974808977576	148.0786403141206	4.713427812737791	1.6266553469965213	1.6266553331332552	1.6266553192701685	1.6269483326538117	1.626364680084534	4.5102098944482805e-08
SAV	149.01215010737616	148.98482943748652	148.9574309156524	154.5941797386598	143.15551682390603	8.119694681365218	1.626801939098324	1.626801694044433	1.6268014489468132	1.6278369552546061	1.625176295770779	7.971659798933217e-07
SBT	143.73566856931308	143.6729334307637	143.60985719482758	150.67530931001772	135.85243810337292	17.93693118450028	1.6101137851324667	1.610113361627532	1.6101129379998038	1.6118182150494822	1.6071906350626448	1.363387155617346e-06
SFF	146.2748005529352	145.9485128589046	145.63769476574367	172.7058785569747	132.4051098552794	100.2517630246075	1.610057109273605	1.6100567098395775	1.610056310370547	1.6123453736691167	1.6072470146131441	1.2861106304384862e-06
SFH	156.94815435131827	156.29581660680947	155.64601112129566	179.8004899321037	135.3033223555331	204.96944290088504	1.609362213748236	1.6093616225329095	1.6093610314101654	1.6120036723583822	1.6068077976217665	1.9032570230947954e-06
SFN	156.3295571373867	155.69946810613243	155.0717745991735	177.93763475835004	134.91494930653823	197.18223111235784	1.6092213617620093	1.6092209794732124	1.6092205972307754	1.6122356044018586	1.6065083984033102	1.2305241532395428e-06
SFW	148.8786796506697	148.86577648865477	148.85290112181974	151.9397213584057	145.86291939325824	3.8500695430739142	1.6095244567939417	1.6095244436654235	1.609524430537138	1.6098556514772047	1.6092234823754958	4.2262087163180695e-08
SGT	153.1853879884818	152.90910635266164	152.63266929338613	170.83784359282842	136.34901257119802	84.69297641459707	1.6096942271205923	1.6096937537871305	1.6096932808143736	1.6133920345297363	1.608213342100447	1.5250068599037547e-06
SIV	149.2333642978914	149.2246495717632	149.21588836379806	151.26457069821518	145.7741714464671	2.5871591335926496	1.6095349288179777	1.6095348374475855	1.609534746061316	1.6102598697590143	1.608167950029266	2.9407658663771485e-07
SOR	149.0965669359882	148.84306316602442	148.60515268383327	180.0	135.99082707173034	80.7077020267352	1.6096841422580503	1.6096837800695734	1.6096834177519068	1.6120909246617328	1.6064890399101073	1.1656028324757983e-06
SOS	133.00730507075818	132.5183514608556	132.0412323915532	156.25487142540078	116.1043930871575	133.0043668808903	1.6116406963694079	1.6116381493832106	1.6116356044386164	1.6182859499474418	1.606965897077792	8.21624307212332e-06
SSY	159.74444202329445	159.10776710764793	158.45126241445442	180.0	134.75129071008766	196.93767432978348	1.6091362856495084	1.6091360187125041	1.6091357518243508	1.6115324057188722	1.6076674204977635	8.592332760848365e-07
STF	154.31030000557573	153.6724489394978	153.03424286802826	176.48036381487907	134.30133200159221	196.15033478490295	1.6095349435665585	1.6095343066728651	1.6095336699381437	1.6124125540644552	1.607206085946291	2.050716803481123e-06
SVV	147.4422979629176	147.36693291875238	147.29126661651551	154.8054967373706	137.72896485586307	22.135387785769126	1.6097918122643928	1.6097917233810761	1.6097916345026342	1.611032957034894	1.608647581448445	2.861829608846733e-07
SZR	153.66509065010976	153.51467522562677	153.37557241768442	180.0	149.18088370517958	50.046777085011854	1.6091549715747844	1.6091548166471037	1.6091546616916441	1.6103546173726566	1.6071868603995054	4.98515987157333e-07
UEI	149.76689953147974	149.5689551361677	149.3754876575179	165.85465161730164	142.08866735011384	60.599124145770475	1.626783376947521	1.6267828811113776	1.6267823851841474	1.628610784475312	1.6244992721672502	1.6129393634045641e-06
UFI	149.5478175834349	149.3224834189772	149.10136601681342	165.95596638273665	137.29187004182592	68.66887341543043	1.6094461449699107	1.6094452711518146	1.6094443968120826	1.6117229318204864	1.6058905575312497	2.811048148032569e-06
UOZ	142.37757595958274	142.18850891604112	141.99806634364563	149.89293736377854	132.8946657353171	53.35714906913927	1.6103007703901528	1.6103000972240231	1.6102994240178734	1.6131177501959533	1.6075276239871708	2.167871301139712e-06
USI	142.90785837474874	142.73051810607495	142.5562711234345	158.48119834758816	133.21733790722536	51.58236564977415	1.6102604382564063	1.6102601602094817	1.6102598822299834	1.6122636678372102	1.6086245725533141	8.95673155199006e-07
UTL	148.61478073581785	148.23334940048167	147.85848249683463	180.0	130.0651483094383	115.46503164321621	1.6097453443139145	1.6097445952780816	1.60974384622524	1.6132021610033775	1.6063612626895556	2.4114591683499498e-06
VET	144.78825245432333	144.57253469452115	144.35927804621025	160.3382964720424	133.00202863620794	63.17278985305529	1.610174573820213	1.6101743655271614	1.6101741572505923	1.6119168940702167	1.6087099390185156	6.708294471025056e-07
VFI	160.96971618942052	158.85475782096913	156.6004201827589	180.0	125.58305780450378	626.2958513284248	1.6089613376462362	1.6089602678369646	1.608959198747145	1.6126363317564418	1.6070279035435577	3.4448779362428184e-06
ZON	144.2474613952199	144.05455870902767	143.8641976898137	157.99807141721783	131.86861222306024	56.41091466943544	1.6100549991570787	1.6100547717374447	1.61005454430362	1.6116187739989785	1.6083731093205054	7.322705282142294e-07
